(0,4) -> (79,207)
(0,5) -> (100,208)
(0,6) -> (100,207)
(0,7) -> (122,209)
(0,8) -> (122,209)
(0,9) -> (143,209)
(0,10) -> (143,209)
(0,11) -> (117,494)
(0,12) -> (166,249)
(0,13) -> (156,297)
(0,14) -> (166,282)
(0,15) -> (158,295)
(0,16) -> (199,183)
(0,17) -> (172,237)
(0,18) -> (168,246)
(0,19) -> (181,222)
(0,20) -> (172,228)
(0,21) -> (176,220)
(0,22) -> (172,234)
(0,23) -> (175,222)
(0,24) -> (171,227)
(0,25) -> (169,240)
(0,26) -> (172,234)
(0,27) -> (179,224)
(0,28) -> (171,235)
(0,29) -> (174,233)
(0,30) -> (174,221)
(0,31) -> (176,217)
(0,32) -> (208,225)
(0,33) -> (205,226)
(0,34) -> (188,219)
(0,35) -> (171,233)
(0,36) -> (175,230)
(0,37) -> (168,229)
(0,38) -> (171,226)
(0,39) -> (172,227)
(0,40) -> (170,222)
(0,41) -> (166,231)
(0,42) -> (174,222)
(0,43) -> (169,230)
(0,44) -> (175,226)
(0,45) -> (186,211)
(0,46) -> (176,218)
(0,47) -> (171,239)
(0,48) -> (181,229)
(0,49) -> (176,217)
(0,50) -> (189,244)
(0,51) -> (169,234)
(0,52) -> (190,222)
(0,53) -> (175,224)
(0,54) -> (164,234)
(0,55) -> (171,226)
(0,56) -> (173,227)
(0,57) -> (167,238)
(0,58) -> (175,220)
(0,59) -> (175,218)
(0,60) -> (175,221)
(0,61) -> (175,224)
(0,62) -> (177,223)
(0,63) -> (171,224)
(0,64) -> (173,225)
(0,65) -> (171,228)
(0,66) -> (168,231)
(0,67) -> (169,233)
(0,68) -> (167,238)
(0,69) -> (166,244)
(0,70) -> (171,229)
(0,71) -> (181,213)
(0,72) -> (172,235)
(0,73) -> (172,241)
(0,74) -> (174,223)
(0,75) -> (171,227)
(0,76) -> (168,237)
(0,77) -> (176,226)
(0,78) -> (172,221)
(0,79) -> (167,223)
(0,80) -> (176,219)
(0,81) -> (170,232)
(0,82) -> (175,220)
(0,83) -> (167,233)
(0,84) -> (171,237)
(0,85) -> (168,232)
(0,86) -> (169,228)
(0,87) -> (175,222)
(0,88) -> (170,230)
(0,89) -> (167,243)
(0,90) -> (170,234)
(0,91) -> (176,227)
(0,92) -> (165,240)
(0,93) -> (172,225)
(0,94) -> (171,235)
(0,95) -> (171,220)
(0,96) -> (174,219)
(0,97) -> (174,222)
(0,98) -> (183,222)
(0,99) -> (174,225)
(0,100) -> (173,223)
(0,101) -> (176,224)
(0,102) -> (176,224)
(0,103) -> (176,217)
(0,104) -> (170,225)
(0,105) -> (174,225)
(0,106) -> (179,224)
(0,107) -> (169,234)
(0,108) -> (174,222)
(0,109) -> (174,230)
(0,110) -> (172,220)
(0,111) -> (172,225)
(0,112) -> (176,216)
(0,113) -> (178,229)
(0,114) -> (169,216)
(0,115) -> (173,216)
(0,116) -> (170,218)
(0,117) -> (163,240)
(0,118) -> (167,230)
(0,119) -> (175,216)
(0,120) -> (163,219)
(0,121) -> (137,219)
(0,122) -> (159,224)
(0,123) -> (166,216)
(0,124) -> (175,222)
(0,125) -> (174,216)
(0,126) -> (172,217)
(0,127) -> (165,229)
(0,128) -> (176,222)
(0,129) -> (167,223)
(0,130) -> (173,225)
(0,131) -> (173,223)
(0,132) -> (174,217)
(0,133) -> (171,223)
(0,134) -> (173,222)
(0,135) -> (178,221)
(0,136) -> (177,223)
(0,137) -> (173,226)
(0,138) -> (182,215)
(0,139) -> (172,236)
(0,140) -> (175,221)
(0,141) -> (176,226)
(0,142) -> (178,221)
(0,143) -> (178,222)
(0,144) -> (175,222)
(0,145) -> (180,223)
(0,146) -> (176,221)
(0,147) -> (182,214)
(0,148) -> (174,218)
(0,149) -> (179,220)
(0,150) -> (172,228)
(0,151) -> (172,228)
(0,152) -> (176,226)
(0,153) -> (170,225)
(0,154) -> (173,223)
(0,155) -> (173,222)
(0,156) -> (173,224)
(0,157) -> (174,224)
(0,158) -> (178,217)
(0,159) -> (172,227)
(0,160) -> (174,228)
(0,161) -> (174,220)
(0,162) -> (187,220)
(0,163) -> (175,220)
(0,164) -> (187,234)
(0,165) -> (173,229)
(0,166) -> (173,233)
(0,167) -> (172,225)
(0,168) -> (186,218)
(0,169) -> (169,229)
(0,170) -> (185,228)
(0,171) -> (177,215)
(0,172) -> (173,228)
(0,173) -> (175,230)
(0,174) -> (174,221)
(0,175) -> (170,229)
(0,176) -> (176,223)
(0,177) -> (178,224)
(0,178) -> (176,222)
(0,179) -> (170,230)
(0,180) -> (174,230)
(0,181) -> (171,231)
(0,182) -> (171,232)
(0,183) -> (172,231)
(0,184) -> (177,224)
(0,185) -> (170,229)
(0,186) -> (161,246)
(0,187) -> (179,219)
(0,188) -> (179,217)
(0,189) -> (167,233)
(0,190) -> (181,219)
(0,191) -> (181,213)
(0,192) -> (176,221)
(0,193) -> (189,225)
(0,194) -> (183,210)
(0,195) -> (172,228)
(0,196) -> (173,229)
(0,197) -> (181,217)
(0,198) -> (176,225)
(0,199) -> (176,222)
(0,200) -> (181,216)
(0,201) -> (184,222)
(0,202) -> (171,228)
(0,203) -> (168,236)
(0,204) -> (169,232)
(0,205) -> (172,231)
(0,206) -> (176,207)
(0,207) -> (180,221)
(0,208) -> (174,223)
(0,209) -> (170,226)
(0,210) -> (175,226)
(0,211) -> (168,230)
(0,212) -> (178,220)
(0,213) -> (172,222)
(0,214) -> (178,216)
(0,215) -> (171,227)
(0,216) -> (175,230)
(0,217) -> (173,226)
(0,218) -> (189,210)
(0,219) -> (173,223)
(0,220) -> (173,228)
(0,221) -> (184,212)
(0,222) -> (178,220)
(0,223) -> (169,230)
(0,224) -> (176,220)
(0,225) -> (175,223)
(0,226) -> (175,225)
(0,227) -> (171,223)
(0,228) -> (180,221)
(0,229) -> (173,222)
(0,230) -> (174,225)
(0,231) -> (175,226)
(0,232) -> (176,217)
(0,233) -> (172,229)
(0,234) -> (181,217)
(0,235) -> (172,219)
(0,236) -> (168,228)
(0,237) -> (168,231)
(0,238) -> (171,218)
(0,239) -> (171,224)
(1,0) -> (167,224)
(1,1) -> (173,219)
(1,2) -> (170,220)
(1,3) -> (167,234)
(1,4) -> (179,221)
(1,5) -> (175,219)
(1,6) -> (175,231)
(1,7) -> (171,224)
(1,8) -> (173,216)
(1,9) -> (175,216)
(1,10) -> (173,226)
(1,11) -> (170,231)
(1,12) -> (172,234)
(1,13) -> (180,220)
(1,14) -> (184,210)
(1,15) -> (172,231)
(1,16) -> (171,225)
(1,17) -> (180,214)
(1,18) -> (175,231)
(1,19) -> (178,220)
(1,20) -> (181,218)
(1,21) -> (175,225)
(1,22) -> (172,228)
(1,23) -> (178,222)
(1,24) -> (180,217)
(1,25) -> (173,233)
(1,26) -> (177,221)
(1,27) -> (178,211)
(1,28) -> (172,223)
(1,29) -> (172,230)
(1,30) -> (175,222)
(1,31) -> (180,215)
(1,32) -> (176,229)
(1,33) -> (181,217)
(1,34) -> (183,211)
(1,35) -> (178,219)
(1,36) -> (180,230)
(1,37) -> (175,224)
(1,38) -> (172,230)
(1,39) -> (175,224)
(1,40) -> (190,206)
(1,41) -> (179,214)
(1,42) -> (173,224)
(1,43) -> (184,216)
(1,44) -> (177,222)
(1,45) -> (175,220)
(1,46) -> (175,220)
(1,47) -> (179,220)
(1,48) -> (180,221)
(1,49) -> (179,224)
(1,50) -> (181,216)
(1,51) -> (174,224)
(1,52) -> (166,229)
(1,53) -> (176,213)
(1,54) -> (177,224)
(1,55) -> (168,235)
(1,56) -> (180,223)
(1,57) -> (182,215)
(1,58) -> (175,218)
(1,59) -> (177,221)
(1,60) -> (179,217)
(1,61) -> (177,218)
(1,62) -> (177,226)
(1,63) -> (177,221)
(1,64) -> (182,218)
(1,65) -> (178,210)
(1,66) -> (178,214)
(1,67) -> (180,219)
(1,68) -> (179,217)
(1,69) -> (167,239)
(1,70) -> (177,219)
(1,71) -> (178,220)
(1,72) -> (182,216)
(1,73) -> (180,216)
(1,74) -> (180,218)
(1,75) -> (191,219)
(1,76) -> (179,220)
(1,77) -> (179,221)
(1,78) -> (176,226)
(1,79) -> (181,233)
(1,80) -> (173,225)
(1,81) -> (183,217)
(1,82) -> (172,231)
(1,83) -> (173,229)
(1,84) -> (180,219)
(1,85) -> (178,225)
(1,86) -> (176,221)
(1,87) -> (176,221)
(1,88) -> (187,209)
(1,89) -> (176,221)
(1,90) -> (179,218)
(1,91) -> (174,228)
(1,92) -> (182,213)
(1,93) -> (176,226)
(1,94) -> (176,219)
(1,95) -> (177,221)
(1,96) -> (178,221)
(1,97) -> (174,227)
(1,98) -> (184,219)
(1,99) -> (178,220)
(1,100) -> (181,220)
(1,101) -> (177,223)
(1,102) -> (184,215)
(1,103) -> (180,216)
(1,104) -> (174,230)
(1,105) -> (178,220)
(1,106) -> (182,219)
(1,107) -> (177,223)
(1,108) -> (175,226)
(1,109) -> (175,220)
(1,110) -> (174,222)
(1,111) -> (176,225)
(1,112) -> (173,225)
(1,113) -> (174,220)
(1,114) -> (176,217)
(1,115) -> (173,219)
(1,116) -> (174,215)
(1,117) -> (174,225)
(1,118) -> (174,226)
(1,119) -> (180,215)
(1,120) -> (165,220)
(1,121) -> (160,223)
(1,122) -> (165,226)
(1,123) -> (169,228)
(1,124) -> (175,214)
(1,125) -> (172,217)
(1,126) -> (173,218)
(1,127) -> (175,216)
(1,128) -> (174,219)
(1,129) -> (172,224)
(1,130) -> (173,222)
(1,131) -> (172,230)
(1,132) -> (182,215)
(1,133) -> (179,219)
(1,134) -> (176,222)
(1,135) -> (172,228)
(1,136) -> (184,210)
(1,137) -> (177,222)
(1,138) -> (173,224)
(1,139) -> (184,220)
(1,140) -> (183,216)
(1,141) -> (172,234)
(1,142) -> (173,226)
(1,143) -> (182,217)
(1,144) -> (180,223)
(1,145) -> (177,224)
(1,146) -> (182,216)
(1,147) -> (181,223)
(1,148) -> (174,223)
(1,149) -> (182,216)
(1,150) -> (181,221)
(1,151) -> (178,221)
(1,152) -> (170,230)
(1,153) -> (183,214)
(1,154) -> (177,220)
(1,155) -> (176,224)
(1,156) -> (179,219)
(1,157) -> (178,218)
(1,158) -> (178,230)
(1,159) -> (181,217)
(1,160) -> (184,215)
(1,161) -> (182,218)
(1,162) -> (178,217)
(1,163) -> (180,220)
(1,164) -> (188,214)
(1,165) -> (166,233)
(1,166) -> (174,224)
(1,167) -> (176,219)
(1,168) -> (183,233)
(1,169) -> (180,212)
(1,170) -> (189,226)
(1,171) -> (179,218)
(1,172) -> (172,224)
(1,173) -> (178,228)
(1,174) -> (178,225)
(1,175) -> (176,222)
(1,176) -> (180,221)
(1,177) -> (179,218)
(1,178) -> (183,217)
(1,179) -> (184,212)
(1,180) -> (179,220)
(1,181) -> (172,226)
(1,182) -> (184,216)
(1,183) -> (180,220)
(1,184) -> (175,221)
(1,185) -> (177,222)
(1,186) -> (182,210)
(1,187) -> (178,216)
(1,188) -> (178,227)
(1,189) -> (177,223)
(1,190) -> (174,232)
(1,191) -> (174,221)
(1,192) -> (189,207)
(1,193) -> (188,217)
(1,194) -> (181,219)
(1,195) -> (180,218)
(1,196) -> (188,219)
(1,197) -> (183,216)
(1,198) -> (189,224)
(1,199) -> (189,226)
(1,200) -> (181,212)
(1,201) -> (182,220)
(1,202) -> (181,219)
(1,203) -> (174,230)
(1,204) -> (174,225)
(1,205) -> (178,217)
(1,206) -> (181,218)
(1,207) -> (178,222)
(1,208) -> (181,211)
(1,209) -> (182,219)
(1,210) -> (176,224)
(1,211) -> (180,223)
(1,212) -> (180,221)
(1,213) -> (178,217)
(1,214) -> (180,220)
(1,215) -> (186,207)
(1,216) -> (184,215)
(1,217) -> (177,219)
(1,218) -> (182,211)
(1,219) -> (179,220)
(1,220) -> (177,223)
(1,221) -> (178,216)
(1,222) -> (177,222)
(1,223) -> (180,216)
(1,224) -> (182,217)
(1,225) -> (177,228)
(1,226) -> (177,224)
(1,227) -> (180,216)
(1,228) -> (180,215)
(1,229) -> (179,222)
(1,230) -> (177,224)
(1,231) -> (176,220)
(1,232) -> (176,224)
(1,233) -> (173,227)
(1,234) -> (175,227)
(1,235) -> (180,217)
(1,236) -> (171,224)
(1,237) -> (172,232)
(1,238) -> (175,214)
(1,239) -> (178,219)
(2,0) -> (156,230)
(2,1) -> (161,232)
(2,2) -> (175,218)
(2,3) -> (170,229)
(2,4) -> (173,216)
(2,5) -> (174,227)
(2,6) -> (172,229)
(2,7) -> (174,220)
(2,8) -> (170,229)
(2,9) -> (179,217)
(2,10) -> (176,225)
(2,11) -> (170,232)
(2,12) -> (179,221)
(2,13) -> (183,219)
(2,14) -> (181,216)
(2,15) -> (174,227)
(2,16) -> (176,227)
(2,17) -> (180,226)
(2,18) -> (182,217)
(2,19) -> (180,216)
(2,20) -> (181,219)
(2,21) -> (180,221)
(2,22) -> (180,223)
(2,23) -> (170,229)
(2,24) -> (182,216)
(2,25) -> (179,225)
(2,26) -> (179,228)
(2,27) -> (182,218)
(2,28) -> (181,215)
(2,29) -> (177,230)
(2,30) -> (172,230)
(2,31) -> (180,219)
(2,32) -> (184,217)
(2,33) -> (173,227)
(2,34) -> (178,223)
(2,35) -> (177,220)
(2,36) -> (174,227)
(2,37) -> (179,218)
(2,38) -> (179,217)
(2,39) -> (179,221)
(2,40) -> (181,218)
(2,41) -> (183,215)
(2,42) -> (178,226)
(2,43) -> (176,229)
(2,44) -> (180,228)
(2,45) -> (187,219)
(2,46) -> (177,230)
(2,47) -> (188,221)
(2,48) -> (190,223)
(2,49) -> (180,234)
(2,50) -> (184,219)
(2,51) -> (186,209)
(2,52) -> (177,231)
(2,53) -> (174,229)
(2,54) -> (186,212)
(2,55) -> (183,224)
(2,56) -> (178,224)
(2,57) -> (178,218)
(2,58) -> (181,222)
(2,59) -> (177,223)
(2,60) -> (176,226)
(2,61) -> (186,212)
(2,62) -> (175,235)
(2,63) -> (174,222)
(2,64) -> (185,210)
(2,65) -> (175,224)
(2,66) -> (179,223)
(2,67) -> (181,218)
(2,68) -> (182,226)
(2,69) -> (171,234)
(2,70) -> (176,228)
(2,71) -> (184,214)
(2,72) -> (186,228)
(2,73) -> (186,221)
(2,74) -> (195,208)
(2,75) -> (183,222)
(2,76) -> (175,223)
(2,77) -> (182,214)
(2,78) -> (184,220)
(2,79) -> (182,228)
(2,80) -> (182,218)
(2,81) -> (179,223)
(2,82) -> (175,234)
(2,83) -> (177,222)
(2,84) -> (178,226)
(2,85) -> (177,227)
(2,86) -> (176,226)
(2,87) -> (174,229)
(2,88) -> (180,217)
(2,89) -> (179,223)
(2,90) -> (183,209)
(2,91) -> (176,224)
(2,92) -> (179,216)
(2,93) -> (184,212)
(2,94) -> (182,210)
(2,95) -> (178,226)
(2,96) -> (180,223)
(2,97) -> (178,224)
(2,98) -> (181,220)
(2,99) -> (178,218)
(2,100) -> (173,225)
(2,101) -> (180,221)
(2,102) -> (179,224)
(2,103) -> (183,215)
(2,104) -> (181,218)
(2,105) -> (183,216)
(2,106) -> (181,219)
(2,107) -> (180,217)
(2,108) -> (177,228)
(2,109) -> (176,220)
(2,110) -> (175,229)
(2,111) -> (178,217)
(2,112) -> (173,229)
(2,113) -> (166,234)
(2,114) -> (178,219)
(2,115) -> (181,217)
(2,116) -> (176,227)
(2,117) -> (170,227)
(2,118) -> (175,217)
(2,119) -> (168,229)
(2,120) -> (170,223)
(2,121) -> (170,219)
(2,122) -> (164,223)
(2,123) -> (165,225)
(2,124) -> (173,223)
(2,125) -> (181,210)
(2,126) -> (172,226)
(2,127) -> (170,231)
(2,128) -> (180,220)
(2,129) -> (177,220)
(2,130) -> (177,225)
(2,131) -> (180,219)
(2,132) -> (185,212)
(2,133) -> (177,225)
(2,134) -> (180,221)
(2,135) -> (182,216)
(2,136) -> (174,236)
(2,137) -> (176,222)
(2,138) -> (182,216)
(2,139) -> (181,213)
(2,140) -> (172,232)
(2,141) -> (183,217)
(2,142) -> (185,218)
(2,143) -> (175,227)
(2,144) -> (179,226)
(2,145) -> (185,217)
(2,146) -> (178,227)
(2,147) -> (179,221)
(2,148) -> (183,216)
(2,149) -> (181,225)
(2,150) -> (177,229)
(2,151) -> (179,217)
(2,152) -> (183,219)
(2,153) -> (176,220)
(2,154) -> (173,227)
(2,155) -> (181,221)
(2,156) -> (184,213)
(2,157) -> (176,228)
(2,158) -> (177,227)
(2,159) -> (184,214)
(2,160) -> (188,214)
(2,161) -> (177,221)
(2,162) -> (184,217)
(2,163) -> (181,225)
(2,164) -> (197,215)
(2,165) -> (176,213)
(2,166) -> (196,225)
(2,167) -> (188,226)
(2,168) -> (202,216)
(2,169) -> (184,219)
(2,170) -> (191,228)
(2,171) -> (183,213)
(2,172) -> (179,223)
(2,173) -> (182,217)
(2,174) -> (184,217)
(2,175) -> (183,214)
(2,176) -> (182,221)
(2,177) -> (177,222)
(2,178) -> (179,218)
(2,179) -> (173,236)
(2,180) -> (181,220)
(2,181) -> (180,218)
(2,182) -> (176,221)
(2,183) -> (187,210)
(2,184) -> (183,217)
(2,185) -> (177,228)
(2,186) -> (183,217)
(2,187) -> (185,215)
(2,188) -> (177,222)
(2,189) -> (181,219)
(2,190) -> (181,224)
(2,191) -> (177,226)
(2,192) -> (175,229)
(2,193) -> (176,224)
(2,194) -> (186,216)
(2,195) -> (196,221)
(2,196) -> (178,231)
(2,197) -> (192,225)
(2,198) -> (179,220)
(2,199) -> (174,229)
(2,200) -> (177,226)
(2,201) -> (180,226)
(2,202) -> (181,219)
(2,203) -> (180,222)
(2,204) -> (187,208)
(2,205) -> (181,221)
(2,206) -> (178,220)
(2,207) -> (180,220)
(2,208) -> (180,216)
(2,209) -> (175,226)
(2,210) -> (173,231)
(2,211) -> (171,238)
(2,212) -> (184,216)
(2,213) -> (178,227)
(2,214) -> (182,222)
(2,215) -> (176,220)
(2,216) -> (184,216)
(2,217) -> (183,215)
(2,218) -> (181,218)
(2,219) -> (186,211)
(2,220) -> (181,220)
(2,221) -> (177,228)
(2,222) -> (174,229)
(2,223) -> (182,218)
(2,224) -> (174,235)
(2,225) -> (182,221)
(2,226) -> (186,215)
(2,227) -> (178,230)
(2,228) -> (174,232)
(2,229) -> (188,212)
(2,230) -> (186,215)
(2,231) -> (178,219)
(2,232) -> (182,215)
(2,233) -> (184,213)
(2,234) -> (180,221)
(2,235) -> (167,236)
(2,236) -> (178,222)
(2,237) -> (182,220)
(2,238) -> (171,232)
(2,239) -> (171,225)
(3,0) -> (177,219)
(3,1) -> (158,231)
(3,2) -> (160,223)
(3,3) -> (157,219)
(3,4) -> (159,228)
(3,5) -> (153,235)
(3,6) -> (161,223)
(3,7) -> (163,224)
(3,8) -> (158,234)
(3,9) -> (153,237)
(3,10) -> (162,217)
(3,11) -> (163,227)
(3,12) -> (152,233)
(3,13) -> (157,234)
(3,14) -> (164,220)
(3,15) -> (159,233)
(3,16) -> (155,228)
(3,17) -> (163,223)
(3,18) -> (163,224)
(3,19) -> (157,234)
(3,20) -> (156,233)
(3,21) -> (160,223)
(3,22) -> (162,219)
(3,23) -> (161,228)
(3,24) -> (164,222)
(3,25) -> (163,229)
(3,26) -> (161,222)
(3,27) -> (162,221)
(3,28) -> (157,231)
(3,29) -> (163,226)
(3,30) -> (158,233)
(3,31) -> (160,233)
(3,32) -> (161,225)
(3,33) -> (162,229)
(3,34) -> (160,224)
(3,35) -> (161,224)
(3,36) -> (156,233)
(3,37) -> (161,223)
(3,38) -> (160,224)
(3,39) -> (161,227)
(3,40) -> (161,228)
(3,41) -> (160,225)
(3,42) -> (158,228)
(3,43) -> (158,233)
(3,44) -> (160,227)
(3,45) -> (159,230)
(3,46) -> (159,231)
(3,47) -> (165,233)
(3,48) -> (173,216)
(3,49) -> (158,231)
(3,50) -> (155,237)
(3,51) -> (153,233)
(3,52) -> (165,217)
(3,53) -> (156,227)
(3,54) -> (151,236)
(3,55) -> (160,224)
(3,56) -> (160,229)
(3,57) -> (157,231)
(3,58) -> (163,222)
(3,59) -> (161,226)
(3,60) -> (165,218)
(3,61) -> (157,231)
(3,62) -> (154,230)
(3,63) -> (161,222)
(3,64) -> (160,230)
(3,65) -> (156,231)
(3,66) -> (157,231)
(3,67) -> (159,225)
(3,68) -> (155,231)
(3,69) -> (155,235)
(3,70) -> (161,228)
(3,71) -> (161,232)
(3,72) -> (155,236)
(3,73) -> (158,230)
(3,74) -> (155,233)
(3,75) -> (161,224)
(3,76) -> (164,231)
(3,77) -> (160,229)
(3,78) -> (164,227)
(3,79) -> (167,224)
(3,80) -> (159,228)
(3,81) -> (158,236)
(3,82) -> (163,227)
(3,83) -> (158,232)
(3,84) -> (156,232)
(3,85) -> (170,216)
(3,86) -> (165,223)
(3,87) -> (154,238)
(3,88) -> (168,217)
(3,89) -> (163,225)
(3,90) -> (158,229)
(3,91) -> (156,233)
(3,92) -> (163,225)
(3,93) -> (163,221)
(3,94) -> (160,221)
(3,95) -> (164,222)
(3,96) -> (165,231)
(3,97) -> (158,231)
(3,98) -> (165,213)
(3,99) -> (165,223)
(3,100) -> (153,233)
(3,101) -> (154,236)
(3,102) -> (167,214)
(3,103) -> (163,221)
(3,104) -> (157,234)
(3,105) -> (154,237)
(3,106) -> (162,226)
(3,107) -> (157,234)
(3,108) -> (160,231)
(3,109) -> (160,227)
(3,110) -> (157,231)
(3,111) -> (159,233)
(3,112) -> (160,228)
(3,113) -> (157,231)
(3,114) -> (161,217)
(3,115) -> (163,226)
(3,116) -> (157,227)
(3,117) -> (159,230)
(3,118) -> (159,225)
(3,119) -> (152,231)
(3,120) -> (153,230)
(3,121) -> (162,222)
(3,122) -> (153,234)
(3,123) -> (155,228)
(3,124) -> (155,238)
(3,125) -> (154,233)
(3,126) -> (164,225)
(3,127) -> (167,218)
(3,128) -> (157,232)
(3,129) -> (157,228)
(3,130) -> (162,224)
(3,131) -> (155,236)
(3,132) -> (153,234)
(3,133) -> (160,226)
(3,134) -> (165,215)
(3,135) -> (161,228)
(3,136) -> (158,229)
(3,137) -> (163,220)
(3,138) -> (163,226)
(3,139) -> (155,242)
(3,140) -> (161,223)
(3,141) -> (160,232)
(3,142) -> (156,234)
(3,143) -> (158,229)
(3,144) -> (163,223)
(3,145) -> (161,227)
(3,146) -> (155,234)
(3,147) -> (159,228)
(3,148) -> (161,228)
(3,149) -> (161,229)
(3,150) -> (162,227)
(3,151) -> (164,227)
(3,152) -> (155,234)
(3,153) -> (154,238)
(3,154) -> (164,221)
(3,155) -> (162,225)
(3,156) -> (159,225)
(3,157) -> (160,226)
(3,158) -> (161,231)
(3,159) -> (165,224)
(3,160) -> (163,230)
(3,161) -> (165,226)
(3,162) -> (162,224)
(3,163) -> (165,229)
(3,164) -> (162,223)
(3,165) -> (163,226)
(3,166) -> (160,232)
(3,167) -> (160,236)
(3,168) -> (166,228)
(3,169) -> (160,227)
(3,170) -> (156,233)
(3,171) -> (164,216)
(3,172) -> (167,217)
(3,173) -> (157,231)
(3,174) -> (157,232)
(3,175) -> (161,230)
(3,176) -> (161,227)
(3,177) -> (163,228)
(3,178) -> (157,239)
(3,179) -> (161,222)
(3,180) -> (164,222)
(3,181) -> (158,232)
(3,182) -> (162,224)
(3,183) -> (164,223)
(3,184) -> (161,228)
(3,185) -> (156,235)
(3,186) -> (159,231)
(3,187) -> (162,225)
(3,188) -> (159,223)
(3,189) -> (160,230)
(3,190) -> (162,227)
(3,191) -> (164,228)
(3,192) -> (160,220)
(3,193) -> (162,229)
(3,194) -> (159,228)
(3,195) -> (164,226)
(3,196) -> (166,224)
(3,197) -> (169,222)
(3,198) -> (163,222)
(3,199) -> (168,229)
(3,200) -> (153,236)
(3,201) -> (159,228)
(3,202) -> (159,228)
(3,203) -> (162,230)
(3,204) -> (159,228)
(3,205) -> (161,229)
(3,206) -> (162,225)
(3,207) -> (160,225)
(3,208) -> (158,226)
(3,209) -> (159,229)
(3,210) -> (156,229)
(3,211) -> (162,225)
(3,212) -> (159,227)
(3,213) -> (162,223)
(3,214) -> (158,228)
(3,215) -> (163,227)
(3,216) -> (160,233)
(3,217) -> (162,225)
(3,218) -> (162,226)
(3,219) -> (161,233)
(3,220) -> (159,238)
(3,221) -> (159,227)
(3,222) -> (167,227)
(3,223) -> (164,219)
(3,224) -> (160,231)
(3,225) -> (162,220)
(3,226) -> (166,221)
(3,227) -> (161,225)
(3,228) -> (163,222)
(3,229) -> (162,219)
(3,230) -> (162,230)
(3,231) -> (158,230)
(3,232) -> (157,232)
(3,233) -> (164,226)
(3,234) -> (164,217)
(3,235) -> (163,225)
(3,236) -> (162,232)
(3,237) -> (153,238)
(3,238) -> (160,226)
(3,239) -> (157,233)
(4,0) -> (159,231)
(4,1) -> (162,226)
(4,2) -> (166,214)
(4,3) -> (160,230)
(4,4) -> (159,230)
(4,5) -> (158,226)
(4,6) -> (165,221)
(4,7) -> (160,227)
(4,8) -> (159,228)
(4,9) -> (162,221)
(4,10) -> (160,227)
(4,11) -> (160,225)
(4,12) -> (165,223)
(4,13) -> (164,223)
(4,14) -> (157,233)
(4,15) -> (162,226)
(4,16) -> (164,225)
(4,17) -> (166,221)
(4,18) -> (158,240)
(4,19) -> (166,221)
(4,20) -> (164,225)
(4,21) -> (163,231)
(4,22) -> (163,226)
(4,23) -> (164,225)
(4,24) -> (159,228)
(4,25) -> (163,226)
(4,26) -> (162,221)
(4,27) -> (162,232)
(4,28) -> (160,234)
(4,29) -> (162,224)
(4,30) -> (164,224)
(4,31) -> (166,218)
(4,32) -> (163,221)
(4,33) -> (158,225)
(4,34) -> (162,224)
(4,35) -> (165,218)
(4,36) -> (166,226)
(4,37) -> (162,227)
(4,38) -> (162,226)
(4,39) -> (163,221)
(4,40) -> (167,221)
(4,41) -> (160,231)
(4,42) -> (173,229)
(4,43) -> (163,225)
(4,44) -> (161,228)
(4,45) -> (160,228)
(4,46) -> (180,226)
(4,47) -> (162,230)
(4,48) -> (173,231)
(4,49) -> (159,233)
(4,50) -> (165,220)
(4,51) -> (162,227)
(4,52) -> (161,228)
(4,53) -> (162,229)
(4,54) -> (161,227)
(4,55) -> (164,225)
(4,56) -> (162,226)
(4,57) -> (164,224)
(4,58) -> (161,229)
(4,59) -> (163,222)
(4,60) -> (162,222)
(4,61) -> (162,237)
(4,62) -> (156,238)
(4,63) -> (163,224)
(4,64) -> (163,229)
(4,65) -> (159,236)
(4,66) -> (158,230)
(4,67) -> (166,218)
(4,68) -> (164,219)
(4,69) -> (158,235)
(4,70) -> (163,226)
(4,71) -> (162,229)
(4,72) -> (162,231)
(4,73) -> (161,233)
(4,74) -> (163,218)
(4,75) -> (174,232)
(4,76) -> (156,235)
(4,77) -> (165,224)
(4,78) -> (168,223)
(4,79) -> (161,228)
(4,80) -> (159,224)
(4,81) -> (169,217)
(4,82) -> (165,223)
(4,83) -> (159,233)
(4,84) -> (160,222)
(4,85) -> (170,215)
(4,86) -> (160,231)
(4,87) -> (155,231)
(4,88) -> (165,219)
(4,89) -> (172,212)
(4,90) -> (160,236)
(4,91) -> (159,228)
(4,92) -> (163,222)
(4,93) -> (164,224)
(4,94) -> (162,233)
(4,95) -> (165,217)
(4,96) -> (166,224)
(4,97) -> (162,229)
(4,98) -> (163,222)
(4,99) -> (165,219)
(4,100) -> (166,223)
(4,101) -> (159,239)
(4,102) -> (164,221)
(4,103) -> (159,234)
(4,104) -> (160,242)
(4,105) -> (161,228)
(4,106) -> (166,222)
(4,107) -> (160,235)
(4,108) -> (162,228)
(4,109) -> (166,214)
(4,110) -> (163,223)
(4,111) -> (159,234)
(4,112) -> (158,226)
(4,113) -> (159,225)
(4,114) -> (159,230)
(4,115) -> (157,233)
(4,116) -> (155,234)
(4,117) -> (159,227)
(4,118) -> (160,234)
(4,119) -> (165,224)
(4,120) -> (163,226)
(4,121) -> (161,225)
(4,122) -> (167,216)
(4,123) -> (165,219)
(4,124) -> (162,228)
(4,125) -> (155,230)
(4,126) -> (166,216)
(4,127) -> (159,228)
(4,128) -> (158,232)
(4,129) -> (162,225)
(4,130) -> (160,236)
(4,131) -> (155,240)
(4,132) -> (164,219)
(4,133) -> (166,225)
(4,134) -> (162,231)
(4,135) -> (163,221)
(4,136) -> (166,223)
(4,137) -> (164,232)
(4,138) -> (156,234)
(4,139) -> (164,227)
(4,140) -> (166,227)
(4,141) -> (158,244)
(4,142) -> (164,224)
(4,143) -> (166,216)
(4,144) -> (162,229)
(4,145) -> (163,228)
(4,146) -> (166,217)
(4,147) -> (163,235)
(4,148) -> (154,234)
(4,149) -> (165,219)
(4,150) -> (167,221)
(4,151) -> (161,233)
(4,152) -> (160,227)
(4,153) -> (163,220)
(4,154) -> (162,224)
(4,155) -> (152,240)
(4,156) -> (165,216)
(4,157) -> (164,228)
(4,158) -> (164,227)
(4,159) -> (174,229)
(4,160) -> (175,223)
(4,161) -> (173,228)
(4,162) -> (177,224)
(4,163) -> (177,224)
(4,164) -> (175,237)
(4,165) -> (170,225)
(4,166) -> (172,227)
(4,167) -> (163,229)
(4,168) -> (166,222)
(4,169) -> (165,215)
(4,170) -> (166,222)
(4,171) -> (161,225)
(4,172) -> (162,213)
(4,173) -> (160,229)
(4,174) -> (162,231)
(4,175) -> (160,226)
(4,176) -> (161,219)
(4,177) -> (161,230)
(4,178) -> (164,222)
(4,179) -> (162,227)
(4,180) -> (165,218)
(4,181) -> (163,225)
(4,182) -> (163,221)
(4,183) -> (165,223)
(4,184) -> (161,221)
(4,185) -> (167,219)
(4,186) -> (166,223)
(4,187) -> (160,229)
(4,188) -> (170,210)
(4,189) -> (161,228)
(4,190) -> (165,221)
(4,191) -> (162,227)
(4,192) -> (162,227)
(4,193) -> (160,237)
(4,194) -> (181,229)
(4,195) -> (181,237)
(4,196) -> (175,222)
(4,197) -> (177,224)
(4,198) -> (176,225)
(4,199) -> (174,230)
(4,200) -> (165,218)
(4,201) -> (162,222)
(4,202) -> (160,229)
(4,203) -> (169,217)
(4,204) -> (164,223)
(4,205) -> (173,230)
(4,206) -> (163,224)
(4,207) -> (162,227)
(4,208) -> (165,222)
(4,209) -> (163,233)
(4,210) -> (163,224)
(4,211) -> (166,222)
(4,212) -> (163,230)
(4,213) -> (161,225)
(4,214) -> (167,219)
(4,215) -> (171,224)
(4,216) -> (167,233)
(4,217) -> (166,234)
(4,218) -> (163,225)
(4,219) -> (166,227)
(4,220) -> (165,235)
(4,221) -> (164,228)
(4,222) -> (167,222)
(4,223) -> (167,227)
(4,224) -> (166,232)
(4,225) -> (164,234)
(4,226) -> (165,221)
(4,227) -> (162,232)
(4,228) -> (158,234)
(4,229) -> (163,226)
(4,230) -> (163,221)
(4,231) -> (160,234)
(4,232) -> (157,228)
(4,233) -> (164,223)
(4,234) -> (162,228)
(4,235) -> (162,230)
(4,236) -> (156,226)
(4,237) -> (162,225)
(4,238) -> (159,230)
(4,239) -> (165,220)
(5,0) -> (164,217)
(5,1) -> (163,226)
(5,2) -> (159,232)
(5,3) -> (165,220)
(5,4) -> (162,221)
(5,5) -> (161,233)
(5,6) -> (156,224)
(5,7) -> (161,218)
(5,8) -> (162,220)
(5,9) -> (159,232)
(5,10) -> (157,231)
(5,11) -> (160,226)
(5,12) -> (157,234)
(5,13) -> (159,232)
(5,14) -> (161,227)
(5,15) -> (163,226)
(5,16) -> (164,236)
(5,17) -> (165,223)
(5,18) -> (167,224)
(5,19) -> (168,232)
(5,20) -> (168,227)
(5,21) -> (168,227)
(5,22) -> (165,214)
(5,23) -> (163,224)
(5,24) -> (166,221)
(5,25) -> (164,233)
(5,26) -> (169,217)
(5,27) -> (165,225)
(5,28) -> (157,231)
(5,29) -> (163,221)
(5,30) -> (165,221)
(5,31) -> (163,229)
(5,32) -> (160,223)
(5,33) -> (164,225)
(5,34) -> (160,230)
(5,35) -> (159,226)
(5,36) -> (164,223)
(5,37) -> (161,226)
(5,38) -> (165,229)
(5,39) -> (166,211)
(5,40) -> (159,229)
(5,41) -> (158,231)
(5,42) -> (161,226)
(5,43) -> (172,222)
(5,44) -> (168,233)
(5,45) -> (171,225)
(5,46) -> (173,224)
(5,47) -> (164,214)
(5,48) -> (169,228)
(5,49) -> (156,237)
(5,50) -> (162,219)
(5,51) -> (165,223)
(5,52) -> (156,235)
(5,53) -> (163,223)
(5,54) -> (163,224)
(5,55) -> (164,224)
(5,56) -> (159,224)
(5,57) -> (164,221)
(5,58) -> (166,220)
(5,59) -> (161,234)
(5,60) -> (163,223)
(5,61) -> (168,212)
(5,62) -> (166,216)
(5,63) -> (165,222)
(5,64) -> (162,224)
(5,65) -> (166,221)
(5,66) -> (164,222)
(5,67) -> (163,222)
(5,68) -> (169,213)
(5,69) -> (164,218)
(5,70) -> (166,224)
(5,71) -> (166,221)
(5,72) -> (168,219)
(5,73) -> (167,220)
(5,74) -> (164,222)
(5,75) -> (163,222)
(5,76) -> (168,224)
(5,77) -> (173,222)
(5,78) -> (171,224)
(5,79) -> (170,221)
(5,80) -> (169,220)
(5,81) -> (166,228)
(5,82) -> (168,217)
(5,83) -> (170,224)
(5,84) -> (165,231)
(5,85) -> (164,219)
(5,86) -> (163,225)
(5,87) -> (167,224)
(5,88) -> (163,224)
(5,89) -> (163,223)
(5,90) -> (167,218)
(5,91) -> (160,225)
(5,92) -> (165,215)
(5,93) -> (167,223)
(5,94) -> (173,227)
(5,95) -> (167,217)
(5,96) -> (171,213)
(5,97) -> (163,225)
(5,98) -> (164,231)
(5,99) -> (167,227)
(5,100) -> (168,218)
(5,101) -> (164,226)
(5,102) -> (166,228)
(5,103) -> (169,217)
(5,104) -> (164,226)
(5,105) -> (166,220)
(5,106) -> (167,228)
(5,107) -> (163,230)
(5,108) -> (163,232)
(5,109) -> (162,228)
(5,110) -> (166,223)
(5,111) -> (158,237)
(5,112) -> (159,229)
(5,113) -> (159,230)
(5,114) -> (166,215)
(5,115) -> (158,232)
(5,116) -> (155,239)
(5,117) -> (154,234)
(5,118) -> (159,227)
(5,119) -> (164,229)
(5,120) -> (164,223)
(5,121) -> (165,217)
(5,122) -> (169,220)
(5,123) -> (161,233)
(5,124) -> (161,227)
(5,125) -> (165,217)
(5,126) -> (162,224)
(5,127) -> (153,239)
(5,128) -> (162,224)
(5,129) -> (160,226)
(5,130) -> (157,241)
(5,131) -> (158,231)
(5,132) -> (161,229)
(5,133) -> (159,238)
(5,134) -> (161,230)
(5,135) -> (166,223)
(5,136) -> (165,231)
(5,137) -> (162,235)
(5,138) -> (165,228)
(5,139) -> (171,224)
(5,140) -> (167,226)
(5,141) -> (169,223)
(5,142) -> (164,225)
(5,143) -> (167,223)
(5,144) -> (164,227)
(5,145) -> (163,230)
(5,146) -> (165,228)
(5,147) -> (166,228)
(5,148) -> (167,224)
(5,149) -> (164,221)
(5,150) -> (168,229)
(5,151) -> (165,224)
(5,152) -> (163,224)
(5,153) -> (161,234)
(5,154) -> (167,225)
(5,155) -> (164,221)
(5,156) -> (164,230)
(5,157) -> (166,227)
(5,158) -> (173,224)
(5,159) -> (167,230)
(5,160) -> (173,239)
(5,161) -> (167,222)
(5,162) -> (170,227)
(5,163) -> (160,234)
(5,164) -> (168,232)
(5,165) -> (173,224)
(5,166) -> (178,238)
(5,167) -> (167,226)
(5,168) -> (165,221)
(5,169) -> (168,223)
(5,170) -> (166,217)
(5,171) -> (165,219)
(5,172) -> (167,223)
(5,173) -> (164,229)
(5,174) -> (167,227)
(5,175) -> (168,220)
(5,176) -> (163,231)
(5,177) -> (163,226)
(5,178) -> (167,219)
(5,179) -> (163,223)
(5,180) -> (165,226)
(5,181) -> (164,215)
(5,182) -> (168,220)
(5,183) -> (165,230)
(5,184) -> (164,221)
(5,185) -> (163,221)
(5,186) -> (168,224)
(5,187) -> (160,235)
(5,188) -> (166,217)
(5,189) -> (159,235)
(5,190) -> (160,224)
(5,191) -> (165,224)
(5,192) -> (166,213)
(5,193) -> (160,232)
(5,194) -> (168,221)
(5,195) -> (161,232)
(5,196) -> (165,219)
(5,197) -> (168,216)
(5,198) -> (171,229)
(5,199) -> (167,223)
(5,200) -> (174,221)
(5,201) -> (171,230)
(5,202) -> (163,221)
(5,203) -> (172,229)
(5,204) -> (164,223)
(5,205) -> (167,224)
(5,206) -> (165,219)
(5,207) -> (171,225)
(5,208) -> (168,225)
(5,209) -> (164,223)
(5,210) -> (163,223)
(5,211) -> (162,227)
(5,212) -> (169,222)
(5,213) -> (161,219)
(5,214) -> (162,232)
(5,215) -> (168,218)
(5,216) -> (168,219)
(5,217) -> (163,224)
(5,218) -> (168,228)
(5,219) -> (166,223)
(5,220) -> (172,216)
(5,221) -> (169,229)
(5,222) -> (163,221)
(5,223) -> (167,226)
(5,224) -> (166,228)
(5,225) -> (162,235)
(5,226) -> (165,224)
(5,227) -> (164,227)
(5,228) -> (167,225)
(5,229) -> (159,240)
(5,230) -> (159,226)
(5,231) -> (162,232)
(5,232) -> (162,227)
(5,233) -> (160,232)
(5,234) -> (162,226)
(5,235) -> (158,230)
(5,236) -> (158,232)
(5,237) -> (163,226)
(5,238) -> (163,224)
(5,239) -> (164,214)
(6,0) -> (169,218)
(6,1) -> (168,216)
(6,2) -> (169,220)
(6,3) -> (165,224)
(6,4) -> (162,234)
(6,5) -> (165,216)
(6,6) -> (159,229)
(6,7) -> (154,236)
(6,8) -> (158,230)
(6,9) -> (160,228)
(6,10) -> (162,231)
(6,11) -> (161,233)
(6,12) -> (158,234)
(6,13) -> (165,226)
(6,14) -> (158,238)
(6,15) -> (164,224)
(6,16) -> (168,229)
(6,17) -> (164,227)
(6,18) -> (169,233)
(6,19) -> (169,228)
(6,20) -> (168,217)
(6,21) -> (171,225)
(6,22) -> (168,225)
(6,23) -> (170,225)
(6,24) -> (170,227)
(6,25) -> (164,222)
(6,26) -> (170,226)
(6,27) -> (171,224)
(6,28) -> (171,222)
(6,29) -> (167,225)
(6,30) -> (172,223)
(6,31) -> (169,222)
(6,32) -> (168,225)
(6,33) -> (169,220)
(6,34) -> (167,217)
(6,35) -> (165,227)
(6,36) -> (168,226)
(6,37) -> (168,222)
(6,38) -> (166,222)
(6,39) -> (164,223)
(6,40) -> (167,224)
(6,41) -> (177,230)
(6,42) -> (165,223)
(6,43) -> (181,225)
(6,44) -> (168,224)
(6,45) -> (173,222)
(6,46) -> (169,218)
(6,47) -> (166,226)
(6,48) -> (161,228)
(6,49) -> (169,218)
(6,50) -> (170,219)
(6,51) -> (161,229)
(6,52) -> (166,214)
(6,53) -> (164,221)
(6,54) -> (166,229)
(6,55) -> (165,223)
(6,56) -> (165,216)
(6,57) -> (168,219)
(6,58) -> (163,231)
(6,59) -> (165,217)
(6,60) -> (162,221)
(6,61) -> (165,220)
(6,62) -> (168,217)
(6,63) -> (166,221)
(6,64) -> (169,219)
(6,65) -> (167,216)
(6,66) -> (164,217)
(6,67) -> (164,222)
(6,68) -> (167,219)
(6,69) -> (164,226)
(6,70) -> (163,229)
(6,71) -> (163,229)
(6,72) -> (165,227)
(6,73) -> (164,224)
(6,74) -> (165,217)
(6,75) -> (172,222)
(6,76) -> (188,226)
(6,77) -> (167,215)
(6,78) -> (181,231)
(6,79) -> (169,217)
(6,80) -> (171,224)
(6,81) -> (165,219)
(6,82) -> (174,231)
(6,83) -> (178,225)
(6,84) -> (169,212)
(6,85) -> (168,218)
(6,86) -> (166,219)
(6,87) -> (165,228)
(6,88) -> (170,218)
(6,89) -> (171,229)
(6,90) -> (167,227)
(6,91) -> (165,214)
(6,92) -> (166,222)
(6,93) -> (165,223)
(6,94) -> (166,215)
(6,95) -> (170,225)
(6,96) -> (172,215)
(6,97) -> (172,228)
(6,98) -> (169,223)
(6,99) -> (176,227)
(6,100) -> (169,237)
(6,101) -> (166,236)
(6,102) -> (168,222)
(6,103) -> (171,228)
(6,104) -> (168,230)
(6,105) -> (165,228)
(6,106) -> (166,227)
(6,107) -> (164,236)
(6,108) -> (159,238)
(6,109) -> (165,226)
(6,110) -> (163,228)
(6,111) -> (154,248)
(6,112) -> (164,225)
(6,113) -> (156,231)
(6,114) -> (154,241)
(6,115) -> (156,232)
(6,116) -> (157,232)
(6,117) -> (168,218)
(6,118) -> (166,228)
(6,119) -> (170,210)
(6,120) -> (163,224)
(6,121) -> (161,229)
(6,122) -> (163,222)
(6,123) -> (166,216)
(6,124) -> (167,216)
(6,125) -> (162,231)
(6,126) -> (154,230)
(6,127) -> (156,231)
(6,128) -> (155,237)
(6,129) -> (155,232)
(6,130) -> (154,234)
(6,131) -> (162,230)
(6,132) -> (163,226)
(6,133) -> (162,237)
(6,134) -> (163,227)
(6,135) -> (165,237)
(6,136) -> (167,241)
(6,137) -> (166,223)
(6,138) -> (167,235)
(6,139) -> (170,238)
(6,140) -> (170,234)
(6,141) -> (173,230)
(6,142) -> (171,231)
(6,143) -> (167,235)
(6,144) -> (169,229)
(6,145) -> (165,227)
(6,146) -> (171,231)
(6,147) -> (173,224)
(6,148) -> (171,230)
(6,149) -> (176,229)
(6,150) -> (173,217)
(6,151) -> (172,226)
(6,152) -> (171,225)
(6,153) -> (176,228)
(6,154) -> (169,219)
(6,155) -> (179,217)
(6,156) -> (162,222)
(6,157) -> (166,211)
(6,158) -> (175,225)
(6,159) -> (163,232)
(6,160) -> (162,223)
(6,161) -> (170,216)
(6,162) -> (171,225)
(6,163) -> (174,224)
(6,164) -> (175,217)
(6,165) -> (171,219)
(6,166) -> (170,230)
(6,167) -> (167,219)
(6,168) -> (171,218)
(6,169) -> (165,223)
(6,170) -> (160,227)
(6,171) -> (168,211)
(6,172) -> (167,221)
(6,173) -> (163,227)
(6,174) -> (167,220)
(6,175) -> (168,220)
(6,176) -> (168,227)
(6,177) -> (161,221)
(6,178) -> (167,212)
(6,179) -> (167,218)
(6,180) -> (167,225)
(6,181) -> (164,219)
(6,182) -> (169,215)
(6,183) -> (166,217)
(6,184) -> (164,221)
(6,185) -> (166,218)
(6,186) -> (168,220)
(6,187) -> (166,222)
(6,188) -> (165,221)
(6,189) -> (168,212)
(6,190) -> (163,222)
(6,191) -> (168,223)
(6,192) -> (169,214)
(6,193) -> (168,224)
(6,194) -> (161,225)
(6,195) -> (167,213)
(6,196) -> (182,216)
(6,197) -> (164,227)
(6,198) -> (179,232)
(6,199) -> (165,218)
(6,200) -> (173,223)
(6,201) -> (168,225)
(6,202) -> (166,221)
(6,203) -> (173,209)
(6,204) -> (170,221)
(6,205) -> (169,216)
(6,206) -> (170,214)
(6,207) -> (172,220)
(6,208) -> (164,232)
(6,209) -> (168,216)
(6,210) -> (168,216)
(6,211) -> (176,226)
(6,212) -> (167,222)
(6,213) -> (171,213)
(6,214) -> (174,223)
(6,215) -> (167,227)
(6,216) -> (170,222)
(6,217) -> (169,219)
(6,218) -> (175,215)
(6,219) -> (172,227)
(6,220) -> (172,228)
(6,221) -> (174,227)
(6,222) -> (165,236)
(6,223) -> (166,232)
(6,224) -> (171,230)
(6,225) -> (169,234)
(6,226) -> (159,246)
(6,227) -> (164,231)
(6,228) -> (167,229)
(6,229) -> (158,239)
(6,230) -> (161,234)
(6,231) -> (167,221)
(6,232) -> (163,230)
(6,233) -> (157,238)
(6,234) -> (158,227)
(6,235) -> (168,213)
(6,236) -> (167,219)
(6,237) -> (165,219)
(6,238) -> (167,221)
(6,239) -> (169,217)
(7,0) -> (164,223)
(7,1) -> (170,211)
(7,2) -> (170,214)
(7,3) -> (167,211)
(7,4) -> (166,219)
(7,5) -> (172,214)
(7,6) -> (169,216)
(7,7) -> (172,214)
(7,8) -> (166,212)
(7,9) -> (160,230)
(7,10) -> (165,225)
(7,11) -> (157,232)
(7,12) -> (161,236)
(7,13) -> (162,234)
(7,14) -> (163,240)
(7,15) -> (161,239)
(7,16) -> (168,234)
(7,17) -> (166,244)
(7,18) -> (169,235)
(7,19) -> (172,222)
(7,20) -> (172,230)
(7,21) -> (170,238)
(7,22) -> (172,225)
(7,23) -> (173,225)
(7,24) -> (162,242)
(7,25) -> (170,223)
(7,26) -> (175,214)
(7,27) -> (169,217)
(7,28) -> (168,232)
(7,29) -> (168,223)
(7,30) -> (175,214)
(7,31) -> (172,225)
(7,32) -> (166,229)
(7,33) -> (168,213)
(7,34) -> (173,219)
(7,35) -> (169,227)
(7,36) -> (174,220)
(7,37) -> (178,219)
(7,38) -> (167,226)
(7,39) -> (168,223)
(7,40) -> (175,219)
(7,41) -> (170,220)
(7,42) -> (181,233)
(7,43) -> (168,223)
(7,44) -> (169,215)
(7,45) -> (176,226)
(7,46) -> (165,229)
(7,47) -> (166,222)
(7,48) -> (169,219)
(7,49) -> (166,220)
(7,50) -> (170,223)
(7,51) -> (170,213)
(7,52) -> (170,222)
(7,53) -> (165,222)
(7,54) -> (170,214)
(7,55) -> (170,214)
(7,56) -> (163,224)
(7,57) -> (168,215)
(7,58) -> (174,205)
(7,59) -> (169,222)
(7,60) -> (165,227)
(7,61) -> (168,219)
(7,62) -> (171,215)
(7,63) -> (165,224)
(7,64) -> (170,213)
(7,65) -> (170,220)
(7,66) -> (169,223)
(7,67) -> (170,217)
(7,68) -> (170,214)
(7,69) -> (168,223)
(7,70) -> (168,217)
(7,71) -> (170,216)
(7,72) -> (168,226)
(7,73) -> (167,214)
(7,74) -> (169,218)
(7,75) -> (169,213)
(7,76) -> (179,225)
(7,77) -> (174,218)
(7,78) -> (171,219)
(7,79) -> (177,234)
(7,80) -> (168,224)
(7,81) -> (183,224)
(7,82) -> (167,223)
(7,83) -> (168,215)
(7,84) -> (172,226)
(7,85) -> (177,225)
(7,86) -> (168,223)
(7,87) -> (169,214)
(7,88) -> (173,225)
(7,89) -> (166,213)
(7,90) -> (174,214)
(7,91) -> (173,219)
(7,92) -> (170,225)
(7,93) -> (177,228)
(7,94) -> (178,222)
(7,95) -> (178,237)
(7,96) -> (177,225)
(7,97) -> (176,231)
(7,98) -> (169,229)
(7,99) -> (172,232)
(7,100) -> (169,236)
(7,101) -> (173,234)
(7,102) -> (171,232)
(7,103) -> (170,236)
(7,104) -> (169,231)
(7,105) -> (166,241)
(7,106) -> (163,239)
(7,107) -> (163,241)
(7,108) -> (166,232)
(7,109) -> (158,245)
(7,110) -> (161,239)
(7,111) -> (163,230)
(7,112) -> (161,229)
(7,113) -> (159,229)
(7,114) -> (165,221)
(7,115) -> (170,217)
(7,116) -> (174,213)
(7,117) -> (171,217)
(7,118) -> (167,215)
(7,119) -> (167,217)
(7,120) -> (168,220)
(7,121) -> (171,216)
(7,122) -> (169,222)
(7,123) -> (170,214)
(7,124) -> (169,221)
(7,125) -> (169,214)
(7,126) -> (163,225)
(7,127) -> (168,219)
(7,128) -> (161,235)
(7,129) -> (163,228)
(7,130) -> (154,240)
(7,131) -> (159,237)
(7,132) -> (156,249)
(7,133) -> (162,236)
(7,134) -> (162,239)
(7,135) -> (166,235)
(7,136) -> (165,244)
(7,137) -> (166,234)
(7,138) -> (170,236)
(7,139) -> (166,239)
(7,140) -> (168,231)
(7,141) -> (173,239)
(7,142) -> (172,223)
(7,143) -> (170,238)
(7,144) -> (171,227)
(7,145) -> (170,220)
(7,146) -> (175,235)
(7,147) -> (170,228)
(7,148) -> (178,224)
(7,149) -> (172,228)
(7,150) -> (165,227)
(7,151) -> (167,220)
(7,152) -> (175,222)
(7,153) -> (170,218)
(7,154) -> (166,235)
(7,155) -> (177,224)
(7,156) -> (175,225)
(7,157) -> (175,234)
(7,158) -> (173,225)
(7,159) -> (188,229)
(7,160) -> (168,224)
(7,161) -> (185,231)
(7,162) -> (177,229)
(7,163) -> (188,223)
(7,164) -> (178,229)
(7,165) -> (185,239)
(7,166) -> (189,235)
(7,167) -> (170,222)
(7,168) -> (164,225)
(7,169) -> (167,222)
(7,170) -> (170,217)
(7,171) -> (167,227)
(7,172) -> (168,219)
(7,173) -> (172,215)
(7,174) -> (168,222)
(7,175) -> (167,222)
(7,176) -> (169,220)
(7,177) -> (172,217)
(7,178) -> (168,219)
(7,179) -> (171,218)
(7,180) -> (170,213)
(7,181) -> (170,219)
(7,182) -> (168,220)
(7,183) -> (169,219)
(7,184) -> (166,219)
(7,185) -> (168,215)
(7,186) -> (169,215)
(7,187) -> (172,216)
(7,188) -> (170,222)
(7,189) -> (172,215)
(7,190) -> (168,222)
(7,191) -> (166,222)
(7,192) -> (172,213)
(7,193) -> (168,220)
(7,194) -> (170,217)
(7,195) -> (170,219)
(7,196) -> (194,229)
(7,197) -> (184,233)
(7,198) -> (193,231)
(7,199) -> (173,220)
(7,200) -> (190,232)
(7,201) -> (176,216)
(7,202) -> (179,215)
(7,203) -> (171,224)
(7,204) -> (177,224)
(7,205) -> (191,238)
(7,206) -> (193,240)
(7,207) -> (182,236)
(7,208) -> (194,239)
(7,209) -> (187,238)
(7,210) -> (182,233)
(7,211) -> (180,233)
(7,212) -> (178,229)
(7,213) -> (174,226)
(7,214) -> (182,233)
(7,215) -> (180,248)
(7,216) -> (184,247)
(7,217) -> (180,235)
(7,218) -> (179,249)
(7,219) -> (177,242)
(7,220) -> (175,250)
(7,221) -> (174,249)
(7,222) -> (173,241)
(7,223) -> (167,258)
(7,224) -> (168,264)
(7,225) -> (162,282)
(7,226) -> (154,296)
(7,227) -> (149,292)
(7,228) -> (147,299)
(7,229) -> (139,294)
(7,230) -> (129,305)
(7,231) -> (129,294)
(7,232) -> (126,297)
(7,233) -> (138,264)
(7,234) -> (145,255)
(7,235) -> (165,218)
(7,236) -> (170,219)
(7,237) -> (168,216)
(7,238) -> (168,221)
(7,239) -> (169,217)
(0,3) -> (56,203)
(0,4) -> (75,205)
(0,5) -> (75,206)
(0,6) -> (97,207)
(0,7) -> (97,207)
(0,8) -> (119,207)
(0,9) -> (119,207)
(0,10) -> (141,208)
(0,11) -> (143,206)
(0,12) -> (162,209)
(0,13) -> (163,209)
(0,14) -> (184,209)
(0,15) -> (194,209)
(0,16) -> (205,210)
(0,17) -> (207,209)
(0,18) -> (225,210)
(0,19) -> (233,207)
(0,20) -> (247,208)
(0,21) -> (253,208)
(0,22) -> (270,209)
(0,23) -> (271,212)
(0,24) -> (291,209)
(0,25) -> (293,211)
(0,26) -> (315,211)
(0,27) -> (316,211)
(0,28) -> (337,208)
(0,29) -> (341,207)
(0,30) -> (359,211)
(0,31) -> (360,212)
(0,32) -> (381,211)
(0,33) -> (389,208)
(0,34) -> (398,208)
(0,35) -> (412,208)
(0,36) -> (420,208)
(0,40) -> (468,213)
(0,41) -> (469,213)
(0,42) -> (489,213)
(0,43) -> (491,214)
(0,44) -> (511,213)
(0,45) -> (514,214)
(0,46) -> (533,213)
(0,47) -> (534,213)
(0,48) -> (555,213)
(0,49) -> (557,213)
(0,50) -> (571,210)
(0,51) -> (580,214)
(0,52) -> (585,213)
(0,72) -> (580,220)
(0,73) -> (580,220)
(0,74) -> (560,224)
(0,75) -> (557,219)
(0,76) -> (536,219)
(0,77) -> (535,219)
(0,78) -> (513,219)
(0,79) -> (513,219)
(0,80) -> (491,219)
(0,81) -> (491,219)
(0,82) -> (469,219)
(0,83) -> (469,219)
(0,91) -> (381,217)
(0,92) -> (359,217)
(0,93) -> (359,217)
(0,94) -> (337,217)
(0,95) -> (337,217)
(0,96) -> (315,218)
(0,97) -> (315,218)
(0,98) -> (292,217)
(0,99) -> (291,216)
(0,101) -> (269,217)
(0,102) -> (249,215)
(0,103) -> (247,217)
(0,104) -> (227,215)
(0,105) -> (226,216)
(0,106) -> (205,215)
(0,107) -> (189,216)
(0,108) -> (183,216)
(0,109) -> (182,216)
(0,110) -> (161,215)
(0,111) -> (161,216)
(0,112) -> (139,215)
(0,113) -> (138,215)
(0,114) -> (116,215)
(0,115) -> (117,214)
(0,116) -> (95,214)
(0,117) -> (95,214)
(0,118) -> (73,213)
(0,119) -> (73,213)
(0,120) -> (50,214)
(0,121) -> (47,212)
(0,122) -> (47,221)
(0,123) -> (49,219)
(0,124) -> (70,221)
(0,125) -> (71,219)
(0,126) -> (93,220)
(0,127) -> (93,220)
(0,128) -> (115,221)
(0,129) -> (115,221)
(0,130) -> (137,221)
(0,131) -> (137,221)
(0,132) -> (159,221)
(0,133) -> (159,221)
(0,134) -> (181,221)
(0,135) -> (181,221)
(0,136) -> (203,222)
(0,137) -> (203,221)
(0,138) -> (225,221)
(0,139) -> (226,222)
(0,140) -> (247,221)
(0,141) -> (248,222)
(0,142) -> (269,221)
(0,143) -> (270,222)
(0,144) -> (291,222)
(0,145) -> (292,224)
(0,146) -> (314,223)
(0,147) -> (315,223)
(0,148) -> (337,224)
(0,149) -> (337,223)
(0,150) -> (359,223)
(0,151) -> (359,223)
(0,156) -> (426,223)
(0,158) -> (447,224)
(0,159) -> (469,224)
(0,160) -> (469,224)
(0,161) -> (492,224)
(0,162) -> (492,224)
(0,163) -> (493,225)
(0,164) -> (515,226)
(0,165) -> (515,225)
(0,166) -> (537,225)
(0,167) -> (537,225)
(0,168) -> (559,225)
(0,169) -> (582,225)
(0,170) -> (582,226)
(0,171) -> (583,226)
(0,193) -> (583,232)
(0,194) -> (561,233)
(0,195) -> (559,231)
(0,197) -> (537,231)
(0,198) -> (516,232)
(0,199) -> (515,232)
(0,200) -> (493,231)
(0,201) -> (491,231)
(0,202) -> (469,231)
(0,203) -> (469,231)
(0,205) -> (447,231)
(0,206) -> (425,230)
(0,211) -> (380,229)
(0,212) -> (357,230)
(0,213) -> (357,229)
(0,214) -> (335,229)
(0,216) -> (313,230)
(0,217) -> (311,229)
(0,218) -> (289,229)
(0,219) -> (289,229)
(0,220) -> (267,229)
(0,221) -> (267,228)
(0,222) -> (245,228)
(0,223) -> (245,228)
(0,224) -> (223,227)
(0,225) -> (222,228)
(0,226) -> (201,227)
(0,227) -> (200,227)
(0,228) -> (179,226)
(0,229) -> (170,227)
(0,230) -> (157,227)
(0,231) -> (152,227)
(0,232) -> (135,224)
(0,233) -> (115,222)
(0,234) -> (115,222)
(0,235) -> (111,226)
(0,237) -> (88,227)
(0,238) -> (67,225)
(0,239) -> (67,226)
(1,0) -> (45,224)
(1,1) -> (44,225)
(1,2) -> (40,232)
(1,4) -> (64,232)
(1,5) -> (66,232)
(1,6) -> (88,232)
(1,7) -> (88,232)
(1,8) -> (111,233)
(1,9) -> (111,233)
(1,10) -> (133,233)
(1,11) -> (133,233)
(1,12) -> (154,234)
(1,13) -> (156,233)
(1,14) -> (179,234)
(1,15) -> (179,233)
(1,16) -> (200,235)
(1,17) -> (201,234)
(1,18) -> (223,234)
(1,19) -> (223,234)
(1,20) -> (245,234)
(1,21) -> (245,236)
(1,22) -> (267,233)
(1,23) -> (269,235)
(1,24) -> (290,234)
(1,25) -> (291,235)
(1,26) -> (314,236)
(1,27) -> (315,235)
(1,28) -> (337,235)
(1,29) -> (337,235)
(1,30) -> (360,236)
(1,32) -> (382,235)
(1,33) -> (383,235)
(1,34) -> (405,238)
(1,36) -> (428,238)
(1,37) -> (427,237)
(1,38) -> (446,237)
(1,39) -> (451,237)
(1,40) -> (471,235)
(1,41) -> (473,237)
(1,42) -> (495,237)
(1,43) -> (495,237)
(1,44) -> (517,237)
(1,45) -> (517,237)
(1,46) -> (540,238)
(1,47) -> (541,238)
(1,48) -> (563,237)
(1,49) -> (563,237)
(1,50) -> (585,237)
(1,51) -> (587,239)
(1,72) -> (589,246)
(1,73) -> (587,244)
(1,74) -> (565,245)
(1,75) -> (563,244)
(1,76) -> (541,245)
(1,77) -> (541,245)
(1,78) -> (519,245)
(1,79) -> (517,244)
(1,80) -> (495,243)
(1,81) -> (496,243)
(1,82) -> (473,244)
(1,83) -> (471,244)
(1,84) -> (449,243)
(1,85) -> (449,243)
(1,86) -> (427,243)
(1,87) -> (426,242)
(1,89) -> (404,241)
(1,91) -> (380,241)
(1,92) -> (358,241)
(1,93) -> (357,241)
(1,94) -> (334,241)
(1,95) -> (334,242)
(1,96) -> (311,241)
(1,97) -> (311,241)
(1,98) -> (288,240)
(1,99) -> (287,241)
(1,100) -> (265,241)
(1,101) -> (265,240)
(1,102) -> (244,237)
(1,103) -> (241,240)
(1,104) -> (220,239)
(1,105) -> (219,240)
(1,106) -> (197,239)
(1,107) -> (196,239)
(1,108) -> (175,239)
(1,109) -> (173,240)
(1,110) -> (151,239)
(1,111) -> (151,239)
(1,112) -> (129,239)
(1,113) -> (128,240)
(1,114) -> (106,238)
(1,115) -> (105,239)
(1,116) -> (84,237)
(1,117) -> (82,239)
(1,118) -> (61,236)
(1,119) -> (59,238)
(1,120) -> (38,236)
(1,121) -> (36,237)
(1,122) -> (31,247)
(1,124) -> (57,245)
(1,125) -> (81,245)
(1,126) -> (81,244)
(1,127) -> (94,246)
(1,128) -> (104,245)
(1,129) -> (127,245)
(1,130) -> (127,245)
(1,131) -> (127,245)
(1,132) -> (150,245)
(1,133) -> (151,245)
(1,134) -> (173,246)
(1,135) -> (173,246)
(1,136) -> (195,247)
(1,137) -> (197,246)
(1,138) -> (220,247)
(1,139) -> (219,246)
(1,140) -> (241,246)
(1,141) -> (241,248)
(1,142) -> (265,248)
(1,143) -> (265,247)
(1,144) -> (287,247)
(1,145) -> (288,247)
(1,146) -> (311,247)
(1,147) -> (312,247)
(1,148) -> (335,249)
(1,149) -> (335,247)
(1,152) -> (382,249)
(1,153) -> (381,248)
(1,154) -> (403,248)
(1,156) -> (427,249)
(1,157) -> (427,249)
(1,158) -> (451,250)
(1,159) -> (451,250)
(1,160) -> (473,250)
(1,161) -> (474,250)
(1,162) -> (496,251)
(1,163) -> (497,251)
(1,164) -> (519,251)
(1,165) -> (520,252)
(1,166) -> (543,251)
(1,167) -> (546,251)
(1,168) -> (566,250)
(1,169) -> (567,251)
(1,170) -> (590,250)
(1,171) -> (591,251)
(1,192) -> (592,257)
(1,193) -> (591,257)
(1,194) -> (568,257)
(1,195) -> (567,257)
(1,196) -> (543,257)
(1,197) -> (543,257)
(1,198) -> (521,258)
(1,199) -> (519,257)
(1,200) -> (497,257)
(1,201) -> (496,257)
(1,202) -> (473,257)
(1,203) -> (473,257)
(1,204) -> (450,255)
(1,205) -> (449,255)
(1,206) -> (427,257)
(1,207) -> (426,255)
(1,208) -> (403,255)
(1,209) -> (403,255)
(1,210) -> (379,255)
(1,211) -> (379,255)
(1,212) -> (355,255)
(1,213) -> (355,255)
(1,214) -> (333,254)
(1,215) -> (332,255)
(1,216) -> (309,255)
(1,217) -> (309,255)
(1,218) -> (285,253)
(1,219) -> (285,253)
(1,226) -> (193,254)
(1,227) -> (193,253)
(1,228) -> (170,253)
(1,229) -> (169,253)
(1,230) -> (147,252)
(1,231) -> (146,253)
(1,232) -> (123,253)
(1,233) -> (123,253)
(1,234) -> (101,251)
(1,235) -> (99,253)
(1,236) -> (77,252)
(1,237) -> (64,251)
(1,238) -> (54,251)
(1,239) -> (53,251)
(2,0) -> (31,248)
(2,1) -> (27,251)
(2,2) -> (23,256)
(2,3) -> (34,258)
(2,4) -> (47,258)
(2,5) -> (71,259)
(2,6) -> (71,259)
(2,7) -> (84,258)
(2,8) -> (95,259)
(2,9) -> (101,257)
(2,10) -> (118,259)
(2,11) -> (132,258)
(2,12) -> (141,261)
(2,13) -> (156,259)
(2,14) -> (165,260)
(2,15) -> (165,260)
(2,22) -> (259,260)
(2,23) -> (259,262)
(2,24) -> (282,261)
(2,25) -> (283,261)
(2,26) -> (307,261)
(2,27) -> (308,261)
(2,28) -> (331,261)
(2,29) -> (332,261)
(2,30) -> (356,261)
(2,31) -> (355,261)
(2,33) -> (379,261)
(2,34) -> (403,262)
(2,35) -> (403,262)
(2,36) -> (427,262)
(2,37) -> (427,262)
(2,38) -> (449,263)
(2,39) -> (451,263)
(2,40) -> (473,263)
(2,41) -> (474,263)
(2,42) -> (498,263)
(2,43) -> (498,263)
(2,44) -> (521,263)
(2,45) -> (521,263)
(2,47) -> (545,263)
(2,48) -> (568,263)
(2,49) -> (569,264)
(2,51) -> (595,265)
(2,71) -> (597,271)
(2,72) -> (597,271)
(2,73) -> (596,271)
(2,74) -> (572,272)
(2,75) -> (571,271)
(2,76) -> (547,271)
(2,77) -> (542,272)
(2,78) -> (525,272)
(2,79) -> (501,270)
(2,80) -> (501,271)
(2,81) -> (477,270)
(2,82) -> (477,270)
(2,83) -> (476,269)
(2,84) -> (453,271)
(2,85) -> (429,270)
(2,86) -> (428,269)
(2,87) -> (427,269)
(2,88) -> (405,270)
(2,89) -> (403,270)
(2,90) -> (380,269)
(2,91) -> (379,269)
(2,92) -> (356,268)
(2,93) -> (355,269)
(2,94) -> (331,269)
(2,95) -> (331,269)
(2,96) -> (307,268)
(2,97) -> (307,268)
(2,98) -> (283,268)
(2,99) -> (283,267)
(2,100) -> (260,267)
(2,101) -> (259,267)
(2,110) -> (141,266)
(2,111) -> (141,266)
(2,112) -> (117,265)
(2,113) -> (117,265)
(2,114) -> (93,265)
(2,115) -> (93,265)
(2,116) -> (69,265)
(2,117) -> (69,264)
(2,118) -> (46,263)
(2,119) -> (45,264)
(2,120) -> (22,263)
(2,121) -> (21,264)
(2,122) -> (18,270)
(2,123) -> (19,269)
(2,124) -> (41,271)
(2,125) -> (43,270)
(2,126) -> (66,271)
(2,127) -> (80,272)
(2,128) -> (90,272)
(2,129) -> (114,272)
(2,130) -> (114,272)
(2,131) -> (115,272)
(2,139) -> (233,274)
(2,140) -> (233,274)
(2,141) -> (254,275)
(2,142) -> (257,275)
(2,143) -> (277,275)
(2,144) -> (281,275)
(2,145) -> (283,274)
(2,146) -> (308,275)
(2,147) -> (332,276)
(2,148) -> (331,276)
(2,149) -> (331,276)
(2,150) -> (355,276)
(2,151) -> (355,276)
(2,152) -> (379,276)
(2,153) -> (379,278)
(2,154) -> (403,277)
(2,155) -> (403,278)
(2,156) -> (427,277)
(2,157) -> (428,277)
(2,158) -> (451,277)
(2,159) -> (453,277)
(2,160) -> (475,277)
(2,161) -> (477,277)
(2,162) -> (500,277)
(2,163) -> (501,277)
(2,164) -> (524,277)
(2,165) -> (525,278)
(2,166) -> (550,278)
(2,167) -> (549,278)
(2,168) -> (573,277)
(2,169) -> (573,277)
(2,170) -> (597,277)
(2,171) -> (599,278)
(2,194) -> (577,285)
(2,195) -> (562,285)
(2,196) -> (552,285)
(2,197) -> (551,285)
(2,198) -> (527,285)
(2,199) -> (527,285)
(2,200) -> (503,285)
(2,201) -> (503,285)
(2,202) -> (479,285)
(2,203) -> (467,285)
(2,204) -> (454,285)
(2,206) -> (430,283)
(2,207) -> (430,284)
(2,208) -> (405,284)
(2,210) -> (381,283)
(2,211) -> (379,284)
(2,212) -> (356,284)
(2,213) -> (355,283)
(2,214) -> (331,283)
(2,215) -> (331,283)
(2,216) -> (307,284)
(2,219) -> (281,282)
(2,220) -> (257,281)
(2,221) -> (257,281)
(2,222) -> (233,281)
(2,223) -> (233,281)
(2,224) -> (208,281)
(2,225) -> (209,281)
(2,234) -> (87,280)
(2,235) -> (87,280)
(2,236) -> (63,279)
(2,237) -> (63,279)
(2,238) -> (39,278)
(2,239) -> (33,278)
(3,0) -> (15,277)
(3,1) -> (14,279)
(3,2) -> (13,285)
(3,3) -> (13,284)
(3,4) -> (37,285)
(3,5) -> (37,285)
(3,14) -> (159,287)
(3,15) -> (160,287)
(3,16) -> (183,288)
(3,17) -> (207,289)
(3,18) -> (207,289)
(3,19) -> (227,289)
(3,20) -> (232,289)
(3,21) -> (233,288)
(3,22) -> (257,289)
(3,23) -> (274,289)
(3,24) -> (281,289)
(3,25) -> (282,290)
(3,27) -> (307,290)
(3,28) -> (307,290)
(3,29) -> (331,291)
(3,30) -> (355,291)
(3,31) -> (355,291)
(3,32) -> (380,291)
(3,33) -> (381,291)
(3,34) -> (405,291)
(3,35) -> (406,291)
(3,36) -> (429,291)
(3,39) -> (479,292)
(3,40) -> (480,291)
(3,41) -> (480,292)
(3,42) -> (504,292)
(3,43) -> (505,293)
(3,44) -> (529,293)
(3,45) -> (529,292)
(3,46) -> (553,292)
(3,47) -> (555,293)
(3,48) -> (578,292)
(3,49) -> (579,293)
(3,50) -> (580,292)
(3,74) -> (583,301)
(3,75) -> (583,301)
(3,76) -> (559,301)
(3,77) -> (557,300)
(3,78) -> (533,300)
(3,79) -> (533,301)
(3,80) -> (509,300)
(3,81) -> (507,300)
(3,82) -> (483,300)
(3,84) -> (459,301)
(3,85) -> (457,299)
(3,86) -> (433,299)
(3,88) -> (408,299)
(3,89) -> (407,299)
(3,90) -> (383,299)
(3,91) -> (383,299)
(3,92) -> (357,299)
(3,93) -> (357,299)
(3,94) -> (333,298)
(3,95) -> (332,299)
(3,96) -> (308,298)
(3,97) -> (307,297)
(3,98) -> (281,297)
(3,99) -> (281,297)
(3,100) -> (257,297)
(3,101) -> (250,297)
(3,102) -> (232,297)
(3,103) -> (208,296)
(3,104) -> (207,296)
(3,105) -> (207,296)
(3,106) -> (183,295)
(3,107) -> (158,296)
(3,108) -> (157,295)
(3,109) -> (157,295)
(3,110) -> (133,295)
(3,111) -> (133,295)
(3,115) -> (84,293)
(3,116) -> (59,293)
(3,117) -> (58,293)
(3,118) -> (34,293)
(3,119) -> (33,293)
(3,120) -> (9,292)
(3,121) -> (9,291)
(3,122) -> (4,300)
(3,123) -> (23,301)
(3,124) -> (29,301)
(3,125) -> (38,300)
(3,126) -> (54,301)
(3,127) -> (55,302)
(3,128) -> (79,301)
(3,129) -> (81,300)
(3,130) -> (106,301)
(3,131) -> (106,301)
(3,132) -> (129,303)
(3,133) -> (131,302)
(3,134) -> (155,303)
(3,135) -> (155,303)
(3,136) -> (179,304)
(3,137) -> (181,303)
(3,138) -> (206,303)
(3,139) -> (209,304)
(3,140) -> (229,304)
(3,141) -> (243,304)
(3,142) -> (255,304)
(3,143) -> (281,305)
(3,144) -> (280,305)
(3,145) -> (281,305)
(3,146) -> (307,305)
(3,147) -> (324,306)
(3,148) -> (331,306)
(3,149) -> (333,306)
(3,150) -> (357,306)
(3,151) -> (357,306)
(3,152) -> (382,307)
(3,153) -> (408,307)
(3,154) -> (407,307)
(3,155) -> (409,307)
(3,156) -> (433,307)
(3,157) -> (433,306)
(3,158) -> (459,306)
(3,159) -> (473,307)
(3,160) -> (483,307)
(3,161) -> (509,307)
(3,162) -> (509,307)
(3,163) -> (534,307)
(3,164) -> (534,307)
(3,165) -> (559,307)
(3,166) -> (559,307)
(3,167) -> (577,309)
(3,168) -> (585,308)
(3,169) -> (585,307)
(3,194) -> (587,314)
(3,195) -> (588,315)
(3,196) -> (563,315)
(3,197) -> (562,315)
(3,198) -> (538,316)
(3,199) -> (536,315)
(3,200) -> (511,314)
(3,201) -> (511,315)
(3,202) -> (485,315)
(3,203) -> (469,315)
(3,204) -> (459,315)
(3,205) -> (459,315)
(3,206) -> (433,315)
(3,207) -> (417,315)
(3,208) -> (409,314)
(3,209) -> (408,314)
(3,210) -> (384,314)
(3,211) -> (382,315)
(3,212) -> (358,314)
(3,215) -> (307,314)
(3,216) -> (307,313)
(3,217) -> (301,313)
(3,218) -> (280,313)
(3,219) -> (267,313)
(3,220) -> (255,312)
(3,221) -> (253,313)
(3,222) -> (229,312)
(3,223) -> (229,312)
(3,224) -> (203,311)
(3,225) -> (189,310)
(3,226) -> (178,310)
(3,227) -> (178,311)
(3,228) -> (153,311)
(3,230) -> (129,309)
(3,231) -> (103,309)
(3,232) -> (102,310)
(3,233) -> (85,309)
(3,234) -> (77,309)
(3,235) -> (53,308)
(3,236) -> (52,309)
(3,237) -> (32,308)
(3,238) -> (26,309)
(3,239) -> (26,309)
(4,0) -> (1,307)
(4,1) -> (1,307)
(4,4) -> (22,316)
(4,5) -> (22,316)
(4,6) -> (48,317)
(4,7) -> (48,317)
(4,8) -> (48,317)
(4,9) -> (74,318)
(4,10) -> (99,318)
(4,11) -> (99,318)
(4,12) -> (124,319)
(4,13) -> (124,319)
(4,14) -> (150,319)
(4,15) -> (150,319)
(4,16) -> (175,319)
(4,17) -> (175,319)
(4,18) -> (201,320)
(4,19) -> (201,320)
(4,20) -> (227,320)
(4,21) -> (236,321)
(4,22) -> (253,321)
(4,23) -> (253,321)
(4,24) -> (278,321)
(4,25) -> (279,321)
(4,26) -> (305,321)
(4,27) -> (305,322)
(4,28) -> (331,322)
(4,29) -> (338,322)
(4,30) -> (357,322)
(4,31) -> (357,322)
(4,32) -> (383,297)
(4,33) -> (383,322)
(4,34) -> (408,323)
(4,35) -> (409,323)
(4,36) -> (429,312)
(4,37) -> (438,323)
(4,38) -> (460,323)
(4,39) -> (452,311)
(4,40) -> (465,302)
(4,41) -> (487,323)
(4,42) -> (486,302)
(4,43) -> (497,310)
(4,44) -> (538,323)
(4,45) -> (555,323)
(4,46) -> (538,308)
(4,47) -> (579,323)
(4,48) -> (590,323)
(4,49) -> (565,311)
(4,50) -> (382,217)
(4,52) -> (382,217)
(4,53) -> (382,217)
(4,55) -> (382,217)
(4,58) -> (382,217)
(4,59) -> (382,217)
(4,60) -> (382,217)
(4,61) -> (382,217)
(4,63) -> (382,217)
(4,64) -> (382,217)
(4,66) -> (382,217)
(4,67) -> (382,217)
(4,68) -> (382,217)
(4,70) -> (382,217)
(4,71) -> (382,217)
(4,72) -> (382,217)
(4,73) -> (382,217)
(4,74) -> (571,319)
(4,75) -> (556,311)
(4,76) -> (542,317)
(4,77) -> (542,317)
(4,78) -> (524,320)
(4,79) -> (522,318)
(4,80) -> (497,317)
(4,81) -> (501,321)
(4,82) -> (475,318)
(4,83) -> (461,303)
(4,84) -> (449,314)
(4,85) -> (434,293)
(4,86) -> (427,315)
(4,87) -> (425,312)
(4,88) -> (406,318)
(4,89) -> (403,312)
(4,90) -> (382,321)
(4,91) -> (381,318)
(4,92) -> (358,319)
(4,93) -> (358,319)
(4,94) -> (338,312)
(4,95) -> (335,318)
(4,96) -> (310,319)
(4,97) -> (290,315)
(4,98) -> (284,320)
(4,99) -> (274,316)
(4,100) -> (270,313)
(4,101) -> (255,317)
(4,102) -> (247,311)
(4,103) -> (246,313)
(4,104) -> (235,305)
(4,105) -> (228,309)
(4,106) -> (208,308)
(4,107) -> (183,316)
(4,108) -> (186,308)
(4,109) -> (170,316)
(4,110) -> (144,317)
(4,111) -> (139,310)
(4,112) -> (120,316)
(4,113) -> (124,310)
(4,114) -> (131,304)
(4,115) -> (103,313)
(4,116) -> (128,298)
(4,117) -> (90,310)
(4,118) -> (69,309)
(4,119) -> (89,303)
(4,120) -> (382,217)
(4,121) -> (382,217)
(4,122) -> (382,217)
(4,123) -> (53,319)
(4,124) -> (49,321)
(4,125) -> (96,314)
(4,126) -> (82,319)
(4,127) -> (118,315)
(4,128) -> (110,318)
(4,129) -> (110,318)
(4,130) -> (120,323)
(4,131) -> (120,323)
(4,132) -> (144,323)
(4,133) -> (147,322)
(4,134) -> (162,326)
(4,135) -> (168,323)
(4,136) -> (190,324)
(4,137) -> (192,323)
(4,138) -> (215,323)
(4,139) -> (218,322)
(4,140) -> (243,321)
(4,141) -> (243,321)
(4,142) -> (264,324)
(4,143) -> (273,325)
(4,144) -> (288,324)
(4,145) -> (303,313)
(4,146) -> (309,328)
(4,147) -> (310,327)
(4,148) -> (333,328)
(4,149) -> (333,328)
(4,150) -> (358,325)
(4,151) -> (359,321)
(4,152) -> (382,330)
(4,153) -> (383,327)
(4,154) -> (406,325)
(4,155) -> (406,325)
(4,156) -> (429,326)
(4,157) -> (435,319)
(4,158) -> (452,324)
(4,159) -> (462,319)
(4,160) -> (478,327)
(4,161) -> (477,326)
(4,162) -> (504,330)
(4,163) -> (502,327)
(4,164) -> (523,326)
(4,165) -> (519,320)
(4,166) -> (548,327)
(4,167) -> (541,316)
(4,168) -> (563,322)
(4,169) -> (564,323)
(4,170) -> (382,217)
(4,171) -> (382,217)
(4,172) -> (382,217)
(4,173) -> (382,217)
(4,174) -> (382,217)
(4,175) -> (382,217)
(4,176) -> (382,217)
(4,177) -> (382,217)
(4,178) -> (382,217)
(4,179) -> (382,217)
(4,180) -> (382,217)
(4,181) -> (382,217)
(4,182) -> (382,217)
(4,183) -> (382,217)
(4,184) -> (382,217)
(4,185) -> (382,217)
(4,186) -> (382,217)
(4,187) -> (382,217)
(4,188) -> (382,217)
(4,189) -> (382,217)
(4,190) -> (382,217)
(4,191) -> (382,217)
(4,192) -> (382,217)
(4,193) -> (566,330)
(4,194) -> (569,332)
(4,195) -> (548,334)
(4,196) -> (548,334)
(4,197) -> (548,334)
(4,198) -> (525,334)
(4,199) -> (529,337)
(4,200) -> (503,337)
(4,201) -> (502,335)
(4,202) -> (478,335)
(4,203) -> (477,334)
(4,204) -> (453,333)
(4,205) -> (453,335)
(4,206) -> (425,322)
(4,207) -> (429,333)
(4,208) -> (407,338)
(4,209) -> (403,325)
(4,210) -> (381,331)
(4,211) -> (381,333)
(4,212) -> (357,336)
(4,213) -> (351,328)
(4,214) -> (332,336)
(4,215) -> (327,334)
(4,216) -> (308,335)
(4,217) -> (308,335)
(4,218) -> (280,337)
(4,219) -> (280,338)
(4,220) -> (261,332)
(4,221) -> (260,332)
(4,222) -> (235,333)
(4,223) -> (231,333)
(4,224) -> (211,333)
(4,225) -> (210,334)
(4,226) -> (207,326)
(4,227) -> (194,328)
(4,228) -> (165,331)
(4,229) -> (147,329)
(4,230) -> (139,332)
(4,231) -> (136,331)
(4,232) -> (130,325)
(4,233) -> (150,315)
(4,234) -> (125,318)
(4,235) -> (159,300)
(4,236) -> (92,321)
(4,237) -> (103,317)
(4,238) -> (101,309)
(4,239) -> (100,310)
(5,0) -> (382,216)
(5,1) -> (382,217)
(5,2) -> (382,217)
(5,3) -> (192,283)
(5,4) -> (65,326)
(5,5) -> (117,317)
(5,6) -> (80,331)
(5,7) -> (97,334)
(5,8) -> (122,324)
(5,9) -> (104,332)
(5,10) -> (114,338)
(5,11) -> (152,329)
(5,12) -> (141,336)
(5,13) -> (178,330)
(5,14) -> (192,322)
(5,15) -> (212,319)
(5,16) -> (186,339)
(5,17) -> (227,326)
(5,18) -> (210,340)
(5,19) -> (236,339)
(5,20) -> (254,324)
(5,21) -> (275,324)
(5,22) -> (262,337)
(5,23) -> (273,327)
(5,24) -> (289,334)
(5,25) -> (283,342)
(5,26) -> (317,327)
(5,27) -> (321,320)
(5,28) -> (338,328)
(5,29) -> (336,338)
(5,30) -> (360,330)
(5,31) -> (366,300)
(5,32) -> (383,309)
(5,33) -> (383,342)
(5,34) -> (405,333)
(5,35) -> (402,316)
(5,36) -> (425,326)
(5,37) -> (427,331)
(5,38) -> (447,329)
(5,39) -> (448,329)
(5,40) -> (467,326)
(5,41) -> (473,333)
(5,42) -> (492,329)
(5,43) -> (485,322)
(5,44) -> (513,329)
(5,45) -> (509,326)
(5,46) -> (477,286)
(5,47) -> (525,322)
(5,48) -> (512,300)
(5,49) -> (382,216)
(5,50) -> (382,216)
(5,51) -> (382,216)
(5,52) -> (382,216)
(5,53) -> (382,216)
(5,54) -> (382,216)
(5,55) -> (382,216)
(5,56) -> (382,216)
(5,57) -> (382,216)
(5,58) -> (382,216)
(5,59) -> (382,216)
(5,60) -> (382,216)
(5,61) -> (382,216)
(5,62) -> (382,216)
(5,63) -> (382,216)
(5,64) -> (382,216)
(5,65) -> (382,216)
(5,66) -> (382,216)
(5,67) -> (382,216)
(5,68) -> (382,216)
(5,69) -> (382,216)
(5,70) -> (382,216)
(5,71) -> (382,216)
(5,72) -> (382,216)
(5,73) -> (382,216)
(5,74) -> (382,216)
(5,75) -> (520,324)
(5,76) -> (532,333)
(5,77) -> (526,337)
(5,78) -> (511,334)
(5,79) -> (490,334)
(5,80) -> (490,334)
(5,81) -> (477,333)
(5,82) -> (468,333)
(5,83) -> (449,337)
(5,84) -> (449,337)
(5,85) -> (440,342)
(5,86) -> (429,344)
(5,87) -> (427,339)
(5,88) -> (404,332)
(5,89) -> (404,337)
(5,90) -> (382,333)
(5,91) -> (382,329)
(5,92) -> (361,333)
(5,93) -> (359,341)
(5,94) -> (341,329)
(5,95) -> (336,341)
(5,96) -> (316,336)
(5,97) -> (312,343)
(5,98) -> (299,328)
(5,99) -> (289,340)
(5,100) -> (264,344)
(5,101) -> (273,333)
(5,102) -> (255,330)
(5,103) -> (244,339)
(5,104) -> (222,338)
(5,105) -> (231,331)
(5,106) -> (207,334)
(5,107) -> (196,341)
(5,108) -> (188,331)
(5,109) -> (197,326)
(5,110) -> (167,330)
(5,111) -> (171,328)
(5,112) -> (135,335)
(5,113) -> (135,335)
(5,114) -> (136,324)
(5,115) -> (104,338)
(5,116) -> (123,320)
(5,117) -> (156,305)
(5,118) -> (191,286)
(5,119) -> (254,263)
(5,120) -> (381,216)
(5,121) -> (381,216)
(5,122) -> (381,216)
(5,123) -> (381,216)
(5,124) -> (381,216)
(5,125) -> (382,216)
(5,126) -> (99,336)
(5,127) -> (140,327)
(5,128) -> (140,327)
(5,129) -> (172,318)
(5,130) -> (160,327)
(5,131) -> (153,334)
(5,132) -> (141,350)
(5,133) -> (174,332)
(5,134) -> (206,325)
(5,135) -> (233,312)
(5,136) -> (196,346)
(5,137) -> (225,341)
(5,138) -> (245,326)
(5,139) -> (277,314)
(5,140) -> (260,330)
(5,141) -> (283,327)
(5,142) -> (280,331)
(5,143) -> (300,331)
(5,144) -> (295,338)
(5,145) -> (320,335)
(5,146) -> (326,322)
(5,147) -> (337,315)
(5,148) -> (350,307)
(5,149) -> (342,332)
(5,150) -> (370,280)
(5,151) -> (367,323)
(5,152) -> (381,256)
(5,153) -> (383,336)
(5,154) -> (398,308)
(5,155) -> (406,350)
(5,156) -> (428,346)
(5,157) -> (425,337)
(5,158) -> (448,342)
(5,159) -> (451,348)
(5,160) -> (463,333)
(5,161) -> (461,329)
(5,162) -> (470,317)
(5,163) -> (476,323)
(5,164) -> (507,335)
(5,165) -> (497,322)
(5,166) -> (529,335)
(5,167) -> (494,307)
(5,168) -> (381,216)
(5,169) -> (381,216)
(5,170) -> (381,216)
(5,171) -> (381,216)
(5,172) -> (381,216)
(5,173) -> (381,216)
(5,174) -> (381,216)
(5,175) -> (381,216)
(5,176) -> (381,216)
(5,177) -> (381,216)
(5,178) -> (381,216)
(5,179) -> (381,216)
(5,180) -> (381,216)
(5,181) -> (381,216)
(5,182) -> (381,216)
(5,183) -> (381,216)
(5,184) -> (381,216)
(5,185) -> (381,216)
(5,186) -> (381,216)
(5,187) -> (381,216)
(5,188) -> (381,216)
(5,189) -> (381,216)
(5,190) -> (381,216)
(5,191) -> (381,216)
(5,192) -> (381,216)
(5,193) -> (381,216)
(5,194) -> (381,216)
(5,195) -> (461,283)
(5,196) -> (431,258)
(5,197) -> (487,321)
(5,198) -> (495,329)
(5,199) -> (487,339)
(5,200) -> (463,313)
(5,201) -> (381,216)
(5,202) -> (469,347)
(5,203) -> (457,330)
(5,204) -> (447,347)
(5,205) -> (423,340)
(5,206) -> (427,350)
(5,207) -> (412,340)
(5,208) -> (404,347)
(5,209) -> (382,347)
(5,210) -> (382,343)
(5,211) -> (364,322)
(5,212) -> (366,313)
(5,213) -> (338,346)
(5,214) -> (342,334)
(5,215) -> (318,343)
(5,216) -> (318,343)
(5,217) -> (302,334)
(5,218) -> (299,338)
(5,219) -> (292,348)
(5,220) -> (279,337)
(5,221) -> (266,352)
(5,222) -> (275,320)
(5,223) -> (257,338)
(5,224) -> (238,337)
(5,225) -> (229,345)
(5,226) -> (204,346)
(5,227) -> (204,346)
(5,228) -> (237,310)
(5,229) -> (203,332)
(5,230) -> (176,336)
(5,231) -> (176,336)
(5,232) -> (174,325)
(5,233) -> (187,318)
(5,234) -> (128,338)
(5,235) -> (145,330)
(5,236) -> (100,341)
(5,237) -> (94,344)
(5,238) -> (381,216)
(5,239) -> (381,216)
(6,0) -> (381,216)
(6,1) -> (381,216)
(6,2) -> (381,216)
(6,3) -> (381,216)
(6,4) -> (381,216)
(6,5) -> (288,259)
(6,6) -> (85,353)
(6,7) -> (91,358)
(6,8) -> (112,352)
(6,9) -> (122,352)
(6,10) -> (140,349)
(6,11) -> (146,346)
(6,12) -> (153,355)
(6,13) -> (148,361)
(6,14) -> (172,358)
(6,15) -> (189,356)
(6,16) -> (198,356)
(6,17) -> (221,357)
(6,18) -> (221,357)
(6,19) -> (226,354)
(6,20) -> (249,351)
(6,21) -> (270,352)
(6,22) -> (266,357)
(6,23) -> (292,353)
(6,24) -> (288,358)
(6,25) -> (315,353)
(6,26) -> (312,358)
(6,27) -> (336,353)
(6,28) -> (333,364)
(6,29) -> (356,335)
(6,30) -> (358,358)
(6,31) -> (381,358)
(6,32) -> (381,361)
(6,33) -> (403,356)
(6,34) -> (405,365)
(6,35) -> (424,350)
(6,36) -> (428,361)
(6,37) -> (437,354)
(6,38) -> (446,350)
(6,39) -> (471,361)
(6,40) -> (471,357)
(6,41) -> (488,350)
(6,42) -> (496,359)
(6,43) -> (381,216)
(6,44) -> (489,328)
(6,45) -> (513,353)
(6,46) -> (532,350)
(6,47) -> (527,346)
(6,48) -> (381,216)
(6,49) -> (381,216)
(6,50) -> (381,216)
(6,51) -> (381,216)
(6,52) -> (381,216)
(6,53) -> (381,216)
(6,54) -> (381,216)
(6,55) -> (381,216)
(6,56) -> (381,216)
(6,57) -> (381,216)
(6,58) -> (381,216)
(6,59) -> (381,216)
(6,60) -> (381,216)
(6,61) -> (381,216)
(6,62) -> (381,216)
(6,63) -> (381,216)
(6,64) -> (381,216)
(6,65) -> (381,216)
(6,66) -> (381,216)
(6,67) -> (381,216)
(6,68) -> (381,216)
(6,69) -> (381,216)
(6,70) -> (381,216)
(6,71) -> (381,216)
(6,72) -> (381,216)
(6,73) -> (381,216)
(6,74) -> (381,216)
(6,75) -> (381,216)
(6,76) -> (543,367)
(6,77) -> (521,353)
(6,78) -> (511,358)
(6,79) -> (502,367)
(6,80) -> (490,358)
(6,81) -> (470,361)
(6,82) -> (475,369)
(6,83) -> (470,361)
(6,84) -> (449,364)
(6,85) -> (447,361)
(6,86) -> (426,362)
(6,87) -> (405,353)
(6,88) -> (404,367)
(6,89) -> (396,367)
(6,90) -> (381,361)
(6,91) -> (365,367)
(6,92) -> (358,361)
(6,93) -> (358,364)
(6,94) -> (334,367)
(6,95) -> (315,369)
(6,96) -> (311,366)
(6,97) -> (288,373)
(6,98) -> (287,366)
(6,99) -> (271,360)
(6,100) -> (262,368)
(6,101) -> (243,363)
(6,102) -> (246,359)
(6,103) -> (221,362)
(6,104) -> (218,365)
(6,105) -> (195,365)
(6,106) -> (187,371)
(6,107) -> (175,361)
(6,108) -> (175,361)
(6,109) -> (157,358)
(6,110) -> (148,364)
(6,111) -> (145,366)
(6,112) -> (149,349)
(6,113) -> (168,339)
(6,114) -> (102,363)
(6,115) -> (96,365)
(6,116) -> (75,364)
(6,117) -> (85,359)
(6,118) -> (381,216)
(6,119) -> (381,216)
(6,120) -> (381,216)
(6,121) -> (381,216)
(6,122) -> (381,216)
(6,123) -> (381,216)
(6,124) -> (381,216)
(6,125) -> (381,216)
(6,126) -> (230,290)
(6,127) -> (230,290)
(6,128) -> (93,372)
(6,129) -> (89,374)
(6,130) -> (130,365)
(6,131) -> (125,367)
(6,132) -> (129,381)
(6,133) -> (153,374)
(6,134) -> (167,372)
(6,135) -> (177,369)
(6,136) -> (183,378)
(6,137) -> (207,375)
(6,138) -> (204,382)
(6,139) -> (233,376)
(6,140) -> (243,367)
(6,141) -> (268,364)
(6,142) -> (260,373)
(6,143) -> (259,375)
(6,144) -> (287,368)
(6,145) -> (305,364)
(6,146) -> (307,377)
(6,147) -> (310,371)
(6,148) -> (331,374)
(6,149) -> (360,316)
(6,150) -> (355,378)
(6,151) -> (378,365)
(6,152) -> (378,378)
(6,153) -> (401,365)
(6,154) -> (402,375)
(6,155) -> (415,369)
(6,156) -> (424,369)
(6,157) -> (422,361)
(6,158) -> (449,375)
(6,159) -> (450,375)
(6,160) -> (469,369)
(6,161) -> (486,361)
(6,162) -> (486,361)
(6,163) -> (502,355)
(6,164) -> (511,365)
(6,165) -> (518,373)
(6,166) -> (546,378)
(6,167) -> (381,216)
(6,168) -> (381,216)
(6,169) -> (381,216)
(6,170) -> (381,216)
(6,171) -> (381,216)
(6,172) -> (381,216)
(6,173) -> (381,216)
(6,174) -> (381,216)
(6,175) -> (381,216)
(6,176) -> (381,216)
(6,177) -> (381,216)
(6,178) -> (381,216)
(6,179) -> (381,216)
(6,180) -> (381,216)
(6,181) -> (381,216)
(6,182) -> (381,216)
(6,183) -> (381,216)
(6,184) -> (381,216)
(6,185) -> (381,216)
(6,186) -> (381,216)
(6,187) -> (381,216)
(6,188) -> (381,216)
(6,189) -> (381,216)
(6,190) -> (381,216)
(6,191) -> (381,216)
(6,192) -> (381,216)
(6,193) -> (381,216)
(6,194) -> (381,216)
(6,195) -> (531,369)
(6,196) -> (538,377)
(6,197) -> (509,369)
(6,198) -> (515,377)
(6,199) -> (491,356)
(6,200) -> (497,384)
(6,201) -> (476,368)
(6,202) -> (477,391)
(6,203) -> (434,335)
(6,204) -> (451,387)
(6,205) -> (428,384)
(6,206) -> (426,384)
(6,207) -> (415,380)
(6,208) -> (403,391)
(6,209) -> (379,362)
(6,210) -> (379,377)
(6,211) -> (369,377)
(6,212) -> (356,377)
(6,213) -> (340,390)
(6,214) -> (333,376)
(6,215) -> (332,377)
(6,216) -> (310,376)
(6,217) -> (303,392)
(6,218) -> (283,382)
(6,219) -> (272,389)
(6,220) -> (250,394)
(6,221) -> (241,375)
(6,222) -> (233,384)
(6,223) -> (222,384)
(6,224) -> (209,384)
(6,225) -> (196,386)
(6,226) -> (182,386)
(6,227) -> (173,385)
(6,228) -> (168,378)
(6,229) -> (158,378)
(6,230) -> (133,385)
(6,231) -> (107,386)
(6,232) -> (103,388)
(6,233) -> (117,365)
(6,234) -> (88,381)
(6,235) -> (381,216)
(6,236) -> (381,216)
(6,237) -> (381,216)
(6,238) -> (381,216)
(6,239) -> (381,216)
(7,0) -> (381,216)
(7,1) -> (381,216)
(7,2) -> (381,216)
(7,3) -> (381,216)
(7,4) -> (381,216)
(7,5) -> (381,216)
(7,6) -> (381,216)
(7,7) -> (381,216)
(7,8) -> (79,392)
(7,9) -> (142,359)
(7,10) -> (124,381)
(7,11) -> (145,375)
(7,12) -> (152,379)
(7,13) -> (172,380)
(7,14) -> (179,376)
(7,15) -> (179,376)
(7,16) -> (187,390)
(7,17) -> (185,392)
(7,18) -> (213,387)
(7,19) -> (219,381)
(7,20) -> (245,378)
(7,21) -> (235,389)
(7,22) -> (262,385)
(7,23) -> (288,348)
(7,24) -> (289,379)
(7,25) -> (319,339)
(7,26) -> (321,357)
(7,27) -> (314,374)
(7,28) -> (346,339)
(7,29) -> (335,374)
(7,30) -> (361,349)
(7,31) -> (380,260)
(7,32) -> (379,348)
(7,33) -> (381,260)
(7,34) -> (399,369)
(7,35) -> (396,339)
(7,36) -> (421,374)
(7,37) -> (416,349)
(7,38) -> (443,374)
(7,39) -> (444,373)
(7,40) -> (464,374)
(7,41) -> (460,363)
(7,42) -> (489,378)
(7,43) -> (476,338)
(7,44) -> (511,377)
(7,45) -> (470,310)
(7,46) -> (484,326)
(7,47) -> (381,216)
(7,48) -> (381,216)
(7,49) -> (381,216)
(7,50) -> (381,216)
(7,51) -> (381,216)
(7,52) -> (381,216)
(7,53) -> (381,216)
(7,54) -> (381,216)
(7,55) -> (381,216)
(7,56) -> (381,216)
(7,57) -> (381,216)
(7,58) -> (381,216)
(7,59) -> (381,216)
(7,60) -> (381,216)
(7,61) -> (381,216)
(7,62) -> (381,216)
(7,63) -> (381,216)
(7,64) -> (381,216)
(7,65) -> (381,216)
(7,66) -> (381,216)
(7,67) -> (381,216)
(7,68) -> (381,216)
(7,69) -> (381,216)
(7,70) -> (381,216)
(7,71) -> (381,216)
(7,72) -> (381,216)
(7,73) -> (381,216)
(7,74) -> (381,216)
(7,75) -> (423,262)
(7,76) -> (521,370)
(7,77) -> (521,370)
(7,78) -> (495,363)
(7,79) -> (495,363)
(7,80) -> (497,396)
(7,81) -> (484,376)
(7,82) -> (468,386)
(7,83) -> (471,394)
(7,84) -> (440,371)
(7,85) -> (434,355)
(7,86) -> (425,394)
(7,87) -> (404,364)
(7,88) -> (401,396)
(7,89) -> (400,382)
(7,90) -> (378,386)
(7,91) -> (378,390)
(7,92) -> (354,397)
(7,93) -> (355,390)
(7,94) -> (336,377)
(7,95) -> (332,390)
(7,96) -> (309,390)
(7,97) -> (308,381)
(7,98) -> (283,393)
(7,99) -> (265,386)
(7,100) -> (263,390)
(7,101) -> (261,386)
(7,102) -> (226,406)
(7,103) -> (232,399)
(7,104) -> (211,396)
(7,105) -> (210,385)
(7,106) -> (190,392)
(7,107) -> (185,395)
(7,108) -> (167,391)
(7,109) -> (147,390)
(7,110) -> (133,398)
(7,111) -> (116,392)
(7,112) -> (105,399)
(7,113) -> (106,384)
(7,114) -> (108,380)
(7,115) -> (132,365)
(7,116) -> (381,216)
(7,117) -> (381,216)
(7,118) -> (381,216)
(7,119) -> (381,216)
(7,120) -> (381,216)
(7,121) -> (381,216)
(7,122) -> (381,216)
(7,123) -> (381,216)
(7,124) -> (381,216)
(7,125) -> (381,216)
(7,126) -> (381,216)
(7,127) -> (219,316)
(7,128) -> (105,387)
(7,129) -> (117,395)
(7,130) -> (117,395)
(7,131) -> (136,401)
(7,132) -> (133,403)
(7,133) -> (137,401)
(7,134) -> (161,402)
(7,135) -> (173,396)
(7,136) -> (188,400)
(7,137) -> (196,397)
(7,138) -> (212,401)
(7,139) -> (233,393)
(7,140) -> (236,401)
(7,141) -> (252,398)
(7,142) -> (268,389)
(7,143) -> (283,384)
(7,144) -> (285,398)
(7,145) -> (292,384)
(7,146) -> (304,410)
(7,147) -> (337,378)
(7,148) -> (330,405)
(7,149) -> (348,378)
(7,150) -> (355,402)
(7,151) -> (359,378)
(7,152) -> (379,402)
(7,153) -> (385,362)
(7,154) -> (402,402)
(7,155) -> (402,398)
(7,156) -> (428,410)
(7,157) -> (427,405)
(7,158) -> (447,394)
(7,159) -> (461,378)
(7,160) -> (470,394)
(7,161) -> (460,361)
(7,162) -> (498,401)
(7,163) -> (495,398)
(7,164) -> (512,389)
(7,165) -> (468,320)
(7,166) -> (488,337)
(7,167) -> (381,216)
(7,168) -> (381,216)
(7,169) -> (381,216)
(7,170) -> (381,216)
(7,171) -> (381,216)
(7,172) -> (381,216)
(7,173) -> (381,216)
(7,174) -> (381,216)
(7,175) -> (381,216)
(7,176) -> (381,216)
(7,177) -> (381,216)
(7,178) -> (381,216)
(7,179) -> (381,216)
(7,180) -> (381,216)
(7,181) -> (381,216)
(7,182) -> (381,216)
(7,183) -> (381,216)
(7,184) -> (381,216)
(7,185) -> (381,216)
(7,186) -> (381,216)
(7,187) -> (381,216)
(7,188) -> (381,216)
(7,189) -> (381,216)
(7,190) -> (381,216)
(7,191) -> (381,216)
(7,192) -> (381,216)
(7,193) -> (381,216)
(7,194) -> (381,216)
(7,195) -> (502,357)
(7,196) -> (490,343)
(7,197) -> (492,357)
(7,198) -> (537,430)
(7,199) -> (522,412)
(7,200) -> (509,427)
(7,201) -> (508,425)
(7,202) -> (463,385)
(7,203) -> (476,411)
(7,204) -> (452,411)
(7,205) -> (445,392)
(7,206) -> (429,417)
(7,207) -> (414,393)
(7,208) -> (403,411)
(7,209) -> (395,369)
(7,210) -> (380,407)
(7,211) -> (366,357)
(7,212) -> (355,411)
(7,213) -> (339,407)
(7,214) -> (326,423)
(7,215) -> (337,386)
(7,216) -> (295,437)
(7,217) -> (295,437)
(7,218) -> (276,424)
(7,219) -> (278,417)
(7,220) -> (256,413)
(7,221) -> (275,356)
(7,222) -> (231,413)
(7,223) -> (214,409)
(7,224) -> (185,436)
(7,225) -> (206,396)
(7,226) -> (183,412)
(7,227) -> (184,395)
(7,228) -> (155,413)
(7,229) -> (161,398)
(7,230) -> (120,421)
(7,231) -> (137,401)
(7,232) -> (110,407)
(7,233) -> (96,411)
(7,234) -> (109,388)
(7,235) -> (218,319)
(7,236) -> (381,216)
(7,237) -> (381,216)
(7,238) -> (381,216)
(7,239) -> (381,216)
